1751947564972 1.00752 0
1751947585726 0.88488 1
1751947602985 0.89555 2
1751947618846 0.85323 3
1751947635602 0.85687 4
1751947652360 0.80883 5
1751947669130 0.79795 6
1751947685884 0.79107 7
1751947701015 0.77384 8
1751947718226 0.76704 9
1751947735816 0.73526 10
1751947752853 0.73579 11
1751947768504 0.72557 12
1751947787873 0.71354 13
1751947804956 0.72058 14
1751947822114 0.72282 15
1751947838291 0.67931 16
1751947857041 0.68459 17
1751947873803 0.68636 18
1751947890498 0.69181 19
1751947906180 0.67974 20
1751947921766 0.65576 21
1751947938485 0.67182 22
1751947954800 0.64038 23
1751947971472 0.64163 24
1751947989311 0.63163 25
1751948006201 0.63121 26
1751948022649 0.62094 27
1751948039087 0.60649 28
1751948055470 0.62255 29
1751948070385 0.62286 30
1751948087077 0.60596 31
1751948103485 0.60119 32
1751948120331 0.59936 33
1751948136819 0.59711 34
1751948152008 0.57652 35
1751948168494 0.58493 36
1751948185472 0.56675 37
1751948202517 0.57302 38
1751948219288 0.57193 39
1751948236059 0.46448 40
1751948252645 0.4702 41
1751948268790 0.4633 42
1751948285248 0.453 43
1751948301606 0.4555 44
1751948317590 0.44306 45
1751948334185 0.43802 46
1751948350829 0.42033 47
1751948367001 0.42493 48
1751948383432 0.41464 49
