1751947564972 1.90518 0
1751947585726 0.95513 1
1751947602985 0.87427 2
1751947618846 0.8015 3
1751947635602 0.78583 4
1751947652360 0.71588 5
1751947669130 0.68789 6
1751947685884 0.65866 7
1751947701015 0.61649 8
1751947718226 0.62536 9
1751947735816 0.60581 10
1751947752853 0.57352 11
1751947768504 0.57021 12
1751947787873 0.56177 13
1751947804956 0.53743 14
1751947822114 0.51959 15
1751947838291 0.5101 16
1751947857041 0.51386 17
1751947873803 0.51179 18
1751947890498 0.50055 19
1751947906180 0.4879 20
1751947921766 0.48092 21
1751947938485 0.4735 22
1751947954800 0.45736 23
1751947971472 0.45202 24
1751947989311 0.44183 25
1751948006201 0.44182 26
1751948022649 0.42508 27
1751948039087 0.42429 28
1751948055470 0.43726 29
1751948070385 0.42258 30
1751948087077 0.40566 31
1751948103485 0.40538 32
1751948120331 0.40756 33
1751948136819 0.39459 34
1751948152008 0.39207 35
1751948168494 0.38987 36
1751948185472 0.3809 37
1751948202517 0.37467 38
1751948219288 0.37466 39
1751948236059 0.32242 40
1751948252645 0.3136 41
1751948268790 0.30801 42
1751948285248 0.2949 43
1751948301606 0.29339 44
1751948317590 0.28349 45
1751948334185 0.27944 46
1751948350829 0.26787 47
1751948367001 0.27184 48
1751948383432 0.26348 49
