1751947564972 1.12863 0
1751947585726 1.07076 1
1751947602985 1.06897 2
1751947618846 1.05675 3
1751947635602 1.05031 4
1751947652360 1.02803 5
1751947669130 1.02657 6
1751947685884 1.01577 7
1751947701015 1.00958 8
1751947718226 1.00929 9
1751947735816 1.00469 10
1751947752853 0.99924 11
1751947768504 0.99967 12
1751947787873 0.9873 13
1751947804956 0.98993 14
1751947822114 0.99581 15
1751947838291 0.97139 16
1751947857041 0.97585 17
1751947873803 0.98115 18
1751947890498 0.96812 19
1751947906180 0.97131 20
1751947921766 0.9695 21
1751947938485 0.97428 22
1751947954800 0.95937 23
1751947971472 0.96202 24
1751947989311 0.95623 25
1751948006201 0.95109 26
1751948022649 0.95743 27
1751948039087 0.94899 28
1751948055470 0.96087 29
1751948070385 0.94467 30
1751948087077 0.94056 31
1751948103485 0.9501 32
1751948120331 0.94186 33
1751948136819 0.95033 34
1751948152008 0.93361 35
1751948168494 0.94121 36
1751948185472 0.93297 37
1751948202517 0.93579 38
1751948219288 0.93637 39
1751948236059 0.90308 40
1751948252645 0.89969 41
1751948268790 0.893 42
1751948285248 0.89165 43
1751948301606 0.88808 44
1751948317590 0.89241 45
1751948334185 0.89181 46
1751948350829 0.87943 47
1751948367001 0.88429 48
1751948383432 0.88287 49
