1751989422697 0.0005471179487179488 0
1751989467759 0.0010918670476923076 1
1751989510538 0.0016256139466666666 2
1751989554516 0.0016174900999999999 3
1751989597783 0.0016009868 4
1751989646053 0.0015844835000000002 5
1751989694384 0.0015679802000000001 6
1751989742851 0.0015514769 7
1751989790942 0.0015349736000000002 8
1751989834714 0.0015184703000000002 9
1751989882723 0.001501967 10
1751989935628 0.0014854637 11
1751989988933 0.0014689604 12
1751990037240 0.0014524571 13
1751990080234 0.0014359538 14
1751990127447 0.0014194505000000002 15
1751990181062 0.0014029472000000002 16
1751990229491 0.0013864439 17
1751990277837 0.0013699406000000003 18
1751990325001 0.0013534373000000002 19
1751990372896 0.0013369340000000001 20
1751990420614 0.0013204307 21
1751990468442 0.0013039274 22
1751990517585 0.0012874241 23
1751990564528 0.0012709208 24
1751990612699 0.0012544175 25
1751990660880 0.0012379142000000002 26
1751990714590 0.0012214109000000001 27
1751990761567 0.0012049076 28
1751990809599 0.0011884043 29
1751990856447 0.001171901 30
1751990905429 0.0011553976999999999 31
1751990953102 0.0011388944 32
1751990995580 0.0011223911 33
1751991045645 0.0011058878 34
1751991092713 0.0010893845 35
1751991135086 0.0010728812000000002 36
1751991183944 0.0010563779000000001 37
1751991231557 0.0010398746 38
1751991273414 0.0010233713 39
1751991326484 0.001006868 40
1751991373388 0.0009903647000000001 41
1751991416389 0.0009738614000000002 42
1751991458941 0.0009573581000000001 43
1751991507744 0.0009408548 44
1751991555137 0.0009243515000000001 45
1751991597226 0.0009078482000000002 46
1751991639380 0.0008913449000000002 47
1751991687547 0.0008748416000000001 48
1751991735211 0.0008583383 49
1751991782249 0.0008418350000000001 50
1751991830159 0.0008253317 51
1751991871947 0.0008088284 52
1751991919062 0.0007923251 53
1751991960926 0.0007758218 54
1751992008457 0.0007593185 55
1751992056603 0.0007428151999999999 56
1751992103128 0.0007263119000000001 57
