1751989422697 0.85936 0
1751989467759 0.89318 1
1751989510538 0.92852 2
1751989554516 0.93647 3
1751989597783 0.90533 4
1751989646053 0.82673 5
1751989694384 0.8183 6
1751989742851 0.80273 7
1751989790942 0.79672 8
1751989834714 0.77523 9
1751989882723 0.75001 10
1751989935628 0.72567 11
1751989988933 0.72983 12
1751990037240 0.71988 13
1751990080234 0.7024 14
1751990127447 0.7008 15
1751990181062 0.67904 16
1751990229491 0.69651 17
1751990277837 0.68945 18
1751990325001 0.66748 19
1751990372896 0.68297 20
1751990420614 0.64413 21
1751990468442 0.67937 22
1751990517585 0.63223 23
1751990564528 0.63408 24
1751990612699 0.62762 25
1751990660880 0.64527 26
1751990714590 0.63888 27
1751990761567 0.61935 28
1751990809599 0.62305 29
1751990856447 0.62393 30
1751990905429 0.61362 31
1751990953102 0.60359 32
1751990995580 0.60658 33
1751991045645 0.60682 34
1751991092713 0.58086 35
1751991135086 0.60991 36
1751991183944 0.578 37
1751991231557 0.59494 38
1751991273414 0.58737 39
1751991326484 0.59645 40
1751991373388 0.57994 41
1751991416389 0.59003 42
1751991458941 0.5625 43
1751991507744 0.56034 44
1751991555137 0.57204 45
1751991597226 0.56309 46
1751991639380 0.55642 47
1751991687547 0.5518 48
1751991735211 0.54391 49
1751991782249 0.56483 50
1751991830159 0.54016 51
1751991871947 0.55686 52
1751991919062 0.55297 53
1751991960926 0.54096 54
1751992008457 0.52598 55
1751992056603 0.52949 56
1751992103128 0.53463 57
