1751989422697 1.46783 0
1751989467759 0.92612 1
1751989510538 0.94502 2
1751989554516 0.87323 3
1751989597783 0.80019 4
1751989646053 0.77185 5
1751989694384 0.70832 6
1751989742851 0.67016 7
1751989790942 0.66108 8
1751989834714 0.63847 9
1751989882723 0.62275 10
1751989935628 0.57819 11
1751989988933 0.57498 12
1751990037240 0.54474 13
1751990080234 0.53174 14
1751990127447 0.52088 15
1751990181062 0.51541 16
1751990229491 0.52774 17
1751990277837 0.52716 18
1751990325001 0.48856 19
1751990372896 0.49661 20
1751990420614 0.48393 21
1751990468442 0.49001 22
1751990517585 0.45458 23
1751990564528 0.45005 24
1751990612699 0.44064 25
1751990660880 0.454 26
1751990714590 0.44803 27
1751990761567 0.42102 28
1751990809599 0.43001 29
1751990856447 0.4277 30
1751990905429 0.40872 31
1751990953102 0.40923 32
1751990995580 0.4211 33
1751991045645 0.42099 34
1751991092713 0.39946 35
1751991135086 0.40014 36
1751991183944 0.38809 37
1751991231557 0.38901 38
1751991273414 0.40126 39
1751991326484 0.40062 40
1751991373388 0.37246 41
1751991416389 0.40058 42
1751991458941 0.36828 43
1751991507744 0.36923 44
1751991555137 0.35911 45
1751991597226 0.36926 46
1751991639380 0.36319 47
1751991687547 0.35751 48
1751991735211 0.36589 49
1751991782249 0.36797 50
1751991830159 0.35577 51
1751991871947 0.34885 52
1751991919062 0.35306 53
1751991960926 0.34513 54
1751992008457 0.33893 55
1751992056603 0.3322 56
1751992103128 0.32792 57
