1751989422697 1.2364 0
1751989467759 1.23944 1
1751989510538 1.25471 2
1751989554516 1.28265 3
1751989597783 1.24539 4
1751989646053 1.19589 5
1751989694384 1.18692 6
1751989742851 1.16574 7
1751989790942 1.1768 8
1751989834714 1.15405 9
1751989882723 1.14774 10
1751989935628 1.12732 11
1751989988933 1.13504 12
1751990037240 1.13626 13
1751990080234 1.11156 14
1751990127447 1.11553 15
1751990181062 1.10372 16
1751990229491 1.11142 17
1751990277837 1.10841 18
1751990325001 1.08709 19
1751990372896 1.1036 20
1751990420614 1.08545 21
1751990468442 1.10492 22
1751990517585 1.07524 23
1751990564528 1.07604 24
1751990612699 1.06442 25
1751990660880 1.07434 26
1751990714590 1.07585 27
1751990761567 1.0623 28
1751990809599 1.07568 29
1751990856447 1.0603 30
1751990905429 1.05601 31
1751990953102 1.05856 32
1751990995580 1.04695 33
1751991045645 1.0583 34
1751991092713 1.04017 35
1751991135086 1.06963 36
1751991183944 1.03886 37
1751991231557 1.05018 38
1751991273414 1.05401 39
1751991326484 1.04682 40
1751991373388 1.04044 41
1751991416389 1.05079 42
1751991458941 1.03871 43
1751991507744 1.02944 44
1751991555137 1.03438 45
1751991597226 1.03067 46
1751991639380 1.02695 47
1751991687547 1.02005 48
1751991735211 1.02166 49
1751991782249 1.02758 50
1751991830159 1.01834 51
1751991871947 1.02234 52
1751991919062 1.03158 53
1751991960926 1.01692 54
1751992008457 1.00834 55
1751992056603 1.01049 56
1751992103128 1.02439 57
