1752222461579 0.59526 0
1752222578251 0.46878 1
1752222695421 0.64999 2
1752222811723 0.80538 3
1752222927181 0.95532 4
1752223042309 0.96589 5
1752223160773 0.97796 6
1752223276546 0.97365 7
1752223391224 0.96494 8
1752223505830 0.96729 9
1752223620403 0.97827 10
1752223736447 0.98404 11
1752223851018 0.97824 12
1752223965705 0.98565 13
1752224080606 0.98409 14
1752224195476 0.98837 15
1752224310718 0.98848 16
1752224425506 0.98766 17
1752224540303 0.99338 18
1752224654687 0.98842 19
1752224769093 0.99203 20
1752224884396 0.98883 21
1752225004183 0.98889 22
1752225119012 0.98617 23
1752225233718 0.98788 24
1752225347737 0.98737 25
1752225463199 0.99122 26
1752225577614 0.98462 27
1752225692099 0.98676 28
1752225807203 0.99102 29
1752225921871 0.98678 30
1752226036103 0.98952 31
1752226150840 0.98788 32
1752226265017 0.98989 33
1752226379243 0.98441 34
1752226494065 0.98642 35
1752226608392 0.98555 36
1752226723224 0.98767 37
1752226837683 0.98707 38
1752226952170 0.9903 39
1752227066734 0.98804 40
1752227181718 0.98956 41
1752227296493 0.98973 42
1752227411364 0.99093 43
1752227526487 0.98827 44
1752227640946 0.98967 45
1752227755240 0.98553 46
1752227869440 0.99054 47
1752227984316 0.99087 48
1752228099675 0.99055 49
1752228213999 0.99023 50
1752228328374 0.98696 51
1752228442548 0.9905 52
1752228556875 0.9885 53
1752228671261 0.99172 54
1752228784856 0.99047 55
1752228898990 0.9922 56
1752229013495 0.98897 57
1752229128574 0.99073 58
1752229243778 0.99115 59
1752229358281 0.99002 60
1752229472703 0.99015 61
1752229587557 0.98993 62
1752229702456 0.99009 63
1752229816926 0.98815 64
1752229931672 0.99032 65
1752230046287 0.99019 66
1752230160798 0.98997 67
1752230275338 0.98772 68
1752230389849 0.98781 69
1752230504318 0.99029 70
1752230618369 0.991 71
1752230732910 0.99126 72
1752230847392 0.99066 73
1752230962699 0.99078 74
