1752222461579 0.37272 0
1752222578251 0.23165 1
1752222695421 0.44656 2
1752222811723 0.5616 3
1752222927181 0.75197 4
1752223042309 0.75856 5
1752223160773 0.8021 6
1752223276546 0.8054 7
1752223391224 0.79059 8
1752223505830 0.81852 9
1752223620403 0.79064 10
1752223736447 0.84478 11
1752223851018 0.83526 12
1752223965705 0.84249 13
1752224080606 0.84943 14
1752224195476 0.86111 15
1752224310718 0.85985 16
1752224425506 0.86126 17
1752224540303 0.86412 18
1752224654687 0.84147 19
1752224769093 0.85997 20
1752224884396 0.8674 21
1752225004183 0.87454 22
1752225119012 0.87402 23
1752225233718 0.86544 24
1752225347737 0.86744 25
1752225463199 0.87903 26
1752225577614 0.85188 27
1752225692099 0.8773 28
1752225807203 0.89221 29
1752225921871 0.86979 30
1752226036103 0.88165 31
1752226150840 0.87579 32
1752226265017 0.89167 33
1752226379243 0.87072 34
1752226494065 0.87397 35
1752226608392 0.8884 36
1752226723224 0.87037 37
1752226837683 0.88217 38
1752226952170 0.8929 39
1752227066734 0.88873 40
1752227181718 0.89322 41
1752227296493 0.88498 42
1752227411364 0.88965 43
1752227526487 0.89547 44
1752227640946 0.88912 45
1752227755240 0.88995 46
1752227869440 0.89106 47
1752227984316 0.90745 48
1752228099675 0.89246 49
1752228213999 0.89652 50
1752228328374 0.90111 51
1752228442548 0.89675 52
1752228556875 0.90097 53
1752228671261 0.90927 54
1752228784856 0.89666 55
1752228898990 0.90094 56
1752229013495 0.90113 57
1752229128574 0.91241 58
1752229243778 0.91048 59
1752229358281 0.90975 60
1752229472703 0.91423 61
1752229587557 0.90405 62
1752229702456 0.90331 63
1752229816926 0.90356 64
1752229931672 0.89958 65
1752230046287 0.9078 66
1752230160798 0.90732 67
1752230275338 0.9003 68
1752230389849 0.90863 69
1752230504318 0.91008 70
1752230618369 0.90585 71
1752230732910 0.90537 72
1752230847392 0.91309 73
1752230962699 0.91438 74
