1752222461579 0.41922 0
1752222578251 0.41839 1
1752222695421 0.55305 2
1752222811723 0.80209 3
1752222927181 0.7787 4
1752223042309 0.91701 5
1752223160773 0.86847 6
1752223276546 0.91303 7
1752223391224 0.90592 8
1752223505830 0.9233 9
1752223620403 0.95561 10
1752223736447 0.9754 11
1752223851018 0.95035 12
1752223965705 0.95829 13
1752224080606 0.97244 14
1752224195476 0.98184 15
1752224310718 0.97917 16
1752224425506 0.9657 17
1752224540303 0.98624 18
1752224654687 0.97778 19
1752224769093 0.99739 20
1752224884396 0.97069 21
1752225004183 0.99047 22
1752225119012 0.98595 23
1752225233718 0.98302 24
1752225347737 0.99118 25
1752225463199 0.98406 26
1752225577614 0.96782 27
1752225692099 0.98525 28
1752225807203 0.99007 29
1752225921871 0.98711 30
1752226036103 0.996 31
1752226150840 0.97929 32
1752226265017 0.99904 33
1752226379243 0.9938 34
1752226494065 0.98419 35
1752226608392 0.98631 36
1752226723224 0.97747 37
1752226837683 0.99209 38
1752226952170 0.98996 39
1752227066734 0.98395 40
1752227181718 0.99012 41
1752227296493 0.98875 42
1752227411364 0.98754 43
1752227526487 0.98701 44
1752227640946 1.0 45
1752227755240 0.99482 46
1752227869440 0.9909 47
1752227984316 0.9918 48
1752228099675 0.98688 49
1752228213999 0.99659 50
1752228328374 0.99663 51
1752228442548 0.9916 52
1752228556875 0.98723 53
1752228671261 0.992 54
1752228784856 0.99192 55
1752228898990 0.99385 56
1752229013495 0.99387 57
1752229128574 0.99354 58
1752229243778 0.99843 59
1752229358281 0.99631 60
1752229472703 0.98881 61
1752229587557 0.99357 62
1752229702456 0.98836 63
1752229816926 0.99719 64
1752229931672 0.99638 65
1752230046287 0.98296 66
1752230160798 0.99434 67
1752230275338 0.99264 68
1752230389849 0.99074 69
1752230504318 0.98468 70
1752230618369 0.99114 71
1752230732910 0.98961 72
1752230847392 0.9954 73
1752230962699 0.99588 74
