1752222461579 0.62993 0
1752222578251 0.66611 1
1752222695421 0.65233 2
1752222811723 0.69938 3
1752222927181 0.89805 4
1752223042309 0.91302 5
1752223160773 0.90701 6
1752223276546 0.9462 7
1752223391224 0.94847 8
1752223505830 0.93216 9
1752223620403 0.94482 10
1752223736447 0.95533 11
1752223851018 0.96111 12
1752223965705 0.96342 13
1752224080606 0.95981 14
1752224195476 0.96071 15
1752224310718 0.96051 16
1752224425506 0.97147 17
1752224540303 0.98156 18
1752224654687 0.97627 19
1752224769093 0.97245 20
1752224884396 0.97924 21
1752225004183 0.96803 22
1752225119012 0.96235 23
1752225233718 0.96867 24
1752225347737 0.96093 25
1752225463199 0.98138 26
1752225577614 0.95336 27
1752225692099 0.96557 28
1752225807203 0.98675 29
1752225921871 0.97384 30
1752226036103 0.97887 31
1752226150840 0.97269 32
1752226265017 0.97829 33
1752226379243 0.96543 34
1752226494065 0.97379 35
1752226608392 0.97384 36
1752226723224 0.96425 37
1752226837683 0.97887 38
1752226952170 0.98042 39
1752227066734 0.98138 40
1752227181718 0.97887 41
1752227296493 0.98138 42
1752227411364 0.98719 43
1752227526487 0.97887 44
1752227640946 0.98115 45
1752227755240 0.96596 46
1752227869440 0.98719 47
1752227984316 0.98231 48
1752228099675 0.98138 49
1752228213999 0.97784 50
1752228328374 0.97887 51
1752228442548 0.97949 52
1752228556875 0.98389 53
1752228671261 0.9859 54
1752228784856 0.97359 55
1752228898990 0.96882 56
1752229013495 0.98305 57
1752229128574 0.98675 58
1752229243778 0.97942 59
1752229358281 0.97887 60
1752229472703 0.98769 61
1752229587557 0.98675 62
1752229702456 0.98675 63
1752229816926 0.98899 64
1752229931672 0.98285 65
1752230046287 0.98819 66
1752230160798 0.98172 67
1752230275338 0.98206 68
1752230389849 0.98789 69
1752230504318 0.98309 70
1752230618369 0.98259 71
1752230732910 0.98767 72
1752230847392 0.97987 73
1752230962699 0.98675 74
