1751962150034 0.88249 0
1751962178396 0.83582 1
1751962203482 0.84255 2
1751962229034 0.83013 3
1751962254926 0.81885 4
1751962279446 0.77716 5
1751962304512 0.76575 6
1751962332256 0.77273 7
1751962357355 0.75566 8
1751962382446 0.7526 9
1751962408910 0.72372 10
1751962433862 0.70784 11
1751962459108 0.69611 12
1751962484446 0.69067 13
1751962509963 0.69312 14
1751962535505 0.68371 15
1751962561196 0.65684 16
1751962585223 0.67241 17
1751962612466 0.65246 18
1751962637382 0.65288 19
1751962662951 0.66805 20
1751962688694 0.63733 21
1751962712743 0.668 22
1751962737163 0.63561 23
1751962762401 0.63461 24
1751962787503 0.62595 25
1751962813346 0.6178 26
1751962837465 0.63527 27
1751962862011 0.61782 28
1751962888563 0.62623 29
1751962914443 0.61765 30
1751962939527 0.60083 31
1751962964595 0.6152 32
1751962989493 0.60693 33
1751963015186 0.60502 34
1751963039559 0.59482 35
1751963065154 0.60916 36
1751963089962 0.58967 37
1751963114852 0.60205 38
1751963139995 0.58272 39
1751963166683 0.58481 40
1751963193446 0.57565 41
1751963218734 0.57459 42
1751963243463 0.56452 43
1751963268612 0.56391 44
1751963293578 0.58056 45
1751963319567 0.57314 46
1751963343942 0.57012 47
1751963368955 0.54866 48
1751963394205 0.55746 49
1751963419219 0.55734 50
1751963447026 0.55574 51
1751963471800 0.5554 52
1751963496318 0.5412 53
1751963522905 0.54108 54
1751963548039 0.53335 55
1751963573722 0.53229 56
1751963599483 0.54439 57
1751963624431 0.54773 58
1751963649260 0.53453 59
1751963674147 0.52963 60
1751963699816 0.52047 61
1751963728254 0.51954 62
1751963754298 0.52312 63
1751963778613 0.5205 64
1751963804023 0.51688 65
1751963829737 0.51982 66
1751963854494 0.52345 67
1751963880573 0.50039 68
1751963905731 0.49971 69
1751963930971 0.50666 70
1751963956566 0.51111 71
1751963982303 0.49929 72
