1751962150034 1.86053 0
1751962178396 1.17371 1
1751962203482 1.03774 2
1751962229034 0.90691 3
1751962254926 0.8217 4
1751962279446 0.76366 5
1751962304512 0.72279 6
1751962332256 0.66917 7
1751962357355 0.64627 8
1751962382446 0.64086 9
1751962408910 0.61967 10
1751962433862 0.58489 11
1751962459108 0.5736 12
1751962484446 0.5521 13
1751962509963 0.53509 14
1751962535505 0.51927 15
1751962561196 0.50594 16
1751962585223 0.5091 17
1751962612466 0.51559 18
1751962637382 0.47984 19
1751962662951 0.49515 20
1751962688694 0.48958 21
1751962712743 0.49049 22
1751962737163 0.46496 23
1751962762401 0.47004 24
1751962787503 0.45872 25
1751962813346 0.4553 26
1751962837465 0.45405 27
1751962862011 0.43856 28
1751962888563 0.453 29
1751962914443 0.43907 30
1751962939527 0.42575 31
1751962964595 0.42555 32
1751962989493 0.44295 33
1751963015186 0.42437 34
1751963039559 0.42219 35
1751963065154 0.41099 36
1751963089962 0.40848 37
1751963114852 0.41346 38
1751963139995 0.40902 39
1751963166683 0.40161 40
1751963193446 0.39726 41
1751963218734 0.39686 42
1751963243463 0.38599 43
1751963268612 0.39348 44
1751963293578 0.38853 45
1751963319567 0.39277 46
1751963343942 0.38617 47
1751963368955 0.3747 48
1751963394205 0.38662 49
1751963419219 0.37592 50
1751963447026 0.37445 51
1751963471800 0.35818 52
1751963496318 0.36167 53
1751963522905 0.36346 54
1751963548039 0.35174 55
1751963573722 0.35274 56
1751963599483 0.35353 57
1751963624431 0.3673 58
1751963649260 0.35889 59
1751963674147 0.34379 60
1751963699816 0.34117 61
1751963728254 0.33694 62
1751963754298 0.33414 63
1751963778613 0.33862 64
1751963804023 0.33271 65
1751963829737 0.33915 66
1751963854494 0.3342 67
1751963880573 0.31861 68
1751963905731 0.32813 69
1751963930971 0.32252 70
1751963956566 0.33508 71
1751963982303 0.32288 72
