1751962150034 1.14252 0
1751962178396 1.0877 1
1751962203482 1.07965 2
1751962229034 1.08704 3
1751962254926 1.07099 4
1751962279446 1.04729 5
1751962304512 1.04422 6
1751962332256 1.04517 7
1751962357355 1.03718 8
1751962382446 1.035 9
1751962408910 1.02738 10
1751962433862 1.01267 11
1751962459108 1.00837 12
1751962484446 1.01241 13
1751962509963 1.00669 14
1751962535505 1.0088 15
1751962561196 0.98983 16
1751962585223 0.99493 17
1751962612466 0.99742 18
1751962637382 0.987 19
1751962662951 1.00333 20
1751962688694 0.99207 21
1751962712743 1.00429 22
1751962737163 0.98725 23
1751962762401 0.98491 24
1751962787503 0.97813 25
1751962813346 0.97272 26
1751962837465 0.98893 27
1751962862011 0.97779 28
1751962888563 0.98989 29
1751962914443 0.97562 30
1751962939527 0.96877 31
1751962964595 0.98401 32
1751962989493 0.96867 33
1751963015186 0.97559 34
1751963039559 0.96994 35
1751963065154 0.98073 36
1751963089962 0.96472 37
1751963114852 0.97221 38
1751963139995 0.96529 39
1751963166683 0.96831 40
1751963193446 0.95976 41
1751963218734 0.9678 42
1751963243463 0.96076 43
1751963268612 0.96144 44
1751963293578 0.96361 45
1751963319567 0.96197 46
1751963343942 0.95986 47
1751963368955 0.94569 48
1751963394205 0.9552 49
1751963419219 0.94812 50
1751963447026 0.95485 51
1751963471800 0.94727 52
1751963496318 0.94421 53
1751963522905 0.94584 54
1751963548039 0.94034 55
1751963573722 0.94753 56
1751963599483 0.95458 57
1751963624431 0.95158 58
1751963649260 0.94657 59
1751963674147 0.94536 60
1751963699816 0.93816 61
1751963728254 0.94329 62
1751963754298 0.94125 63
1751963778613 0.93919 64
1751963804023 0.93495 65
1751963829737 0.92779 66
1751963854494 0.9363 67
1751963880573 0.92839 68
1751963905731 0.93179 69
1751963930971 0.93657 70
1751963956566 0.9297 71
1751963982303 0.93087 72
