1752236445323 0.20345 0
1752236558831 0.30699 1
1752236668508 0.48203 2
1752236782623 0.57874 3
1752236892373 0.51229 4
1752237003144 0.56643 5
1752237116447 0.74159 6
1752237227200 0.78142 7
1752237337970 0.79005 8
1752237452338 0.8029 9
1752237567351 0.81874 10
1752237677381 0.82713 11
1752237786365 0.82665 12
1752237895879 0.8521 13
1752238004355 0.8265 14
1752238112923 0.82904 15
1752238222110 0.85747 16
1752238331042 0.84271 17
1752238439840 0.85693 18
1752238554660 0.8621 19
1752238663273 0.84986 20
1752238772443 0.83024 21
1752238886779 0.86512 22
1752238996299 0.86391 23
1752239109903 0.87102 24
1752239219012 0.87213 25
1752239327402 0.86336 26
1752239436119 0.86912 27
1752239544705 0.88076 28
1752239653355 0.88906 29
1752239761547 0.86091 30
1752239869949 0.86722 31
1752239978204 0.88108 32
1752240086625 0.88613 33
1752240194919 0.87642 34
1752240303275 0.88404 35
1752240411024 0.88605 36
1752240518917 0.88078 37
1752240627012 0.87287 38
1752240735616 0.88577 39
1752240844310 0.88046 40
1752240952003 0.8874 41
1752241060697 0.89762 42
1752241169067 0.88124 43
1752241277163 0.89006 44
