1752236445323 0.35451 0
1752236558831 0.50052 1
1752236668508 0.67815 2
1752236782623 0.74506 3
1752236892373 0.80109 4
1752237003144 0.78354 5
1752237116447 0.9224 6
1752237227200 0.95686 7
1752237337970 0.96485 8
1752237452338 0.97915 9
1752237567351 0.98318 10
1752237677381 0.97996 11
1752237786365 0.96807 12
1752237895879 0.98969 13
1752238004355 0.982 14
1752238112923 0.97607 15
1752238222110 0.98967 16
1752238331042 0.98102 17
1752238439840 0.98349 18
1752238554660 0.98548 19
1752238663273 0.98559 20
1752238772443 0.98171 21
1752238886779 0.98743 22
1752238996299 0.98577 23
1752239109903 0.99 24
1752239219012 0.98819 25
1752239327402 0.98865 26
1752239436119 0.98844 27
1752239544705 0.98546 28
1752239653355 0.98971 29
1752239761547 0.98638 30
1752239869949 0.98864 31
1752239978204 0.98596 32
1752240086625 0.99015 33
1752240194919 0.98855 34
1752240303275 0.98962 35
1752240411024 0.98901 36
1752240518917 0.99035 37
1752240627012 0.98615 38
1752240735616 0.98641 39
1752240844310 0.98684 40
1752240952003 0.98563 41
1752241060697 0.99076 42
1752241169067 0.98634 43
1752241277163 0.98582 44
