1752236445323 0.35783 0
1752236558831 0.3795 1
1752236668508 0.67286 2
1752236782623 0.68983 3
1752236892373 0.8171 4
1752237003144 0.85919 5
1752237116447 0.7444 6
1752237227200 0.91946 7
1752237337970 0.96135 8
1752237452338 0.91937 9
1752237567351 0.95497 10
1752237677381 0.94005 11
1752237786365 0.92434 12
1752237895879 0.98944 13
1752238004355 0.95182 14
1752238112923 0.95639 15
1752238222110 0.99049 16
1752238331042 0.974 17
1752238439840 0.98854 18
1752238554660 0.99034 19
1752238663273 0.96739 20
1752238772443 0.96182 21
1752238886779 0.98095 22
1752238996299 0.98706 23
1752239109903 0.98782 24
1752239219012 0.98325 25
1752239327402 0.98187 26
1752239436119 0.98623 27
1752239544705 0.98558 28
1752239653355 0.98067 29
1752239761547 0.98818 30
1752239869949 0.98668 31
1752239978204 0.97586 32
1752240086625 0.99084 33
1752240194919 0.98374 34
1752240303275 0.99236 35
1752240411024 0.98916 36
1752240518917 0.99362 37
1752240627012 0.99256 38
1752240735616 0.9927 39
1752240844310 0.99382 40
1752240952003 0.99219 41
1752241060697 0.98828 42
1752241169067 0.99214 43
1752241277163 0.99092 44
