1752236445323 0.77545 0
1752236558831 0.52415 1
1752236668508 0.65278 2
1752236782623 0.6683 3
1752236892373 0.6888 4
1752237003144 0.63314 5
1752237116447 0.84769 6
1752237227200 0.9126 7
1752237337970 0.90495 8
1752237452338 0.94369 9
1752237567351 0.95797 10
1752237677381 0.9527 11
1752237786365 0.9295 12
1752237895879 0.97528 13
1752238004355 0.96355 14
1752238112923 0.93944 15
1752238222110 0.97281 16
1752238331042 0.95088 17
1752238439840 0.95823 18
1752238554660 0.96882 19
1752238663273 0.97635 20
1752238772443 0.95844 21
1752238886779 0.97769 22
1752238996299 0.9799 23
1752239109903 0.98138 24
1752239219012 0.9826 25
1752239327402 0.97629 26
1752239436119 0.95567 27
1752239544705 0.97337 28
1752239653355 0.9748 29
1752239761547 0.98014 30
1752239869949 0.97763 31
1752239978204 0.97887 32
1752240086625 0.97887 33
1752240194919 0.98034 34
1752240303275 0.9735 35
1752240411024 0.98005 36
1752240518917 0.9762 37
1752240627012 0.97741 38
1752240735616 0.98181 39
1752240844310 0.98352 40
1752240952003 0.98048 41
1752241060697 0.98389 42
1752241169067 0.98009 43
1752241277163 0.98389 44
