1752026035511 0.31154 0
1752026076919 0.33659 1
1752026117619 0.19732 2
1752026159340 0.3393 3
1752026202228 0.70278 4
1752026243446 0.6985 5
1752026285030 0.70271 6
1752026327833 0.79433 7
1752026369974 0.81933 8
1752026411388 0.82114 9
1752026454289 0.82244 10
1752026496396 0.79977 11
1752026538333 0.7928 12
1752026584761 0.83329 13
1752026627528 0.85027 14
1752026669734 0.85477 15
1752026712185 0.82787 16
1752026754427 0.87072 17
1752026796313 0.85895 18
1752026838401 0.85167 19
1752026880604 0.86249 20
1752026921713 0.84049 21
1752026963966 0.86891 22
1752027007426 0.87586 23
1752027050013 0.88274 24
1752027091967 0.86051 25
1752027133298 0.85146 26
1752027174362 0.8529 27
1752027216180 0.87072 28
1752027259234 0.87878 29
1752027300978 0.87151 30
1752027342597 0.86104 31
1752027384803 0.87778 32
1752027426780 0.87785 33
1752027468999 0.87673 34
1752027481108 0.8824878334371485 34
