1752026035511 0.59367 0
1752026076919 0.51925 1
1752026117619 0.30119 2
1752026159340 0.45552 3
1752026202228 0.89721 4
1752026243446 0.85673 5
1752026285030 0.88472 6
1752026327833 0.96266 7
1752026369974 0.98249 8
1752026411388 0.96535 9
1752026454289 0.97955 10
1752026496396 0.97509 11
1752026538333 0.97074 12
1752026584761 0.98517 13
1752026627528 0.98399 14
1752026669734 0.98676 15
1752026712185 0.97836 16
1752026754427 0.98601 17
1752026796313 0.99043 18
1752026838401 0.98281 19
1752026880604 0.98867 20
1752026921713 0.98472 21
1752026963966 0.99209 22
1752027007426 0.98988 23
1752027050013 0.9934 24
1752027091967 0.98795 25
1752027133298 0.98603 26
1752027174362 0.98457 27
1752027216180 0.9856 28
1752027259234 0.98511 29
1752027300978 0.98674 30
1752027342597 0.9862 31
1752027384803 0.983 32
1752027426780 0.98595 33
1752027468999 0.98873 34
1752027481108 0.9933845111352508 34
