1752026035511 0.65851 0
1752026076919 0.86977 1
1752026117619 0.34752 2
1752026159340 0.4308 3
1752026202228 0.81275 4
1752026243446 0.81889 5
1752026285030 0.80757 6
1752026327833 0.94315 7
1752026369974 0.95871 8
1752026411388 0.91615 9
1752026454289 0.93511 10
1752026496396 0.93972 11
1752026538333 0.95848 12
1752026584761 0.90323 13
1752026627528 0.96953 14
1752026669734 0.96465 15
1752026712185 0.94797 16
1752026754427 0.97066 17
1752026796313 0.98899 18
1752026838401 0.96479 19
1752026880604 0.99235 20
1752026921713 0.97471 21
1752026963966 0.99769 22
1752027007426 0.97646 23
1752027050013 0.99115 24
1752027091967 0.97887 25
1752027133298 0.99068 26
1752027174362 0.98223 27
1752027216180 0.98652 28
1752027259234 0.98663 29
1752027300978 0.99211 30
1752027342597 0.96996 31
1752027384803 0.98827 32
1752027426780 0.98581 33
1752027468999 0.98797 34
1752027481108 0.9910745654648243 34
