1752026035511 0.54461 0
1752026076919 0.26952 1
1752026117619 0.3517 2
1752026159340 0.74831 3
1752026202228 0.86122 4
1752026243446 0.77873 5
1752026285030 0.86659 6
1752026327833 0.90083 7
1752026369974 0.96253 8
1752026411388 0.93147 9
1752026454289 0.96128 10
1752026496396 0.92707 11
1752026538333 0.91651 12
1752026584761 0.95899 13
1752026627528 0.95684 14
1752026669734 0.95369 15
1752026712185 0.95984 16
1752026754427 0.96182 17
1752026796313 0.9697 18
1752026838401 0.97323 19
1752026880604 0.97293 20
1752026921713 0.94846 21
1752026963966 0.97133 22
1752027007426 0.9663 23
1752027050013 0.98138 24
1752027091967 0.9695 25
1752027133298 0.96504 26
1752027174362 0.9707 27
1752027216180 0.97384 28
1752027259234 0.97098 29
1752027300978 0.97336 30
1752027342597 0.97635 31
1752027384803 0.97384 32
1752027426780 0.97357 33
1752027468999 0.97384 34
1752027481108 0.9813783201722901 34
