1752283129136 0.91606 0
1752283184490 0.8672 1
1752283239958 0.92099 2
1752283295270 0.95704 3
1752283350997 0.96921 4
1752283406803 0.95519 5
1752283463409 0.98354 6
1752283519368 0.97837 7
1752283574350 0.98081 8
1752283630496 0.98296 9
1752283686363 0.98434 10
1752283741888 0.98314 11
1752283796660 0.98584 12
1752283851078 0.98358 13
1752283904747 0.98817 14
1752283959644 0.98415 15
1752284015271 0.98884 16
1752284071279 0.99095 17
1752284125741 0.9928 18
1752284181198 0.99065 19
1752284236206 0.98481 20
1752284290026 0.99138 21
1752284344379 0.98984 22
1752284398759 0.98893 23
1752284453242 0.98738 24
1752284508313 0.9886 25
1752284562585 0.99039 26
1752284617720 0.98761 27
1752284672744 0.98803 28
1752284728381 0.98627 29
1752284782057 0.98696 30
1752284835632 0.9901 31
1752284890425 0.99291 32
1752284945111 0.98763 33
1752285000117 0.98933 34
1752285054919 0.98839 35
1752285109539 0.98798 36
1752285164151 0.98717 37
1752285218648 0.9875 38
1752285272443 0.98863 39
1752285327806 0.98783 40
1752285383496 0.98619 41
1752285438739 0.98758 42
1752285493988 0.98524 43
1752285549924 0.98567 44
1752285605362 0.98659 45
1752285660973 0.98943 46
1752285716447 0.98989 47
1752285773813 0.9874 48
1752285830143 0.98768 49
1752285886120 0.99033 50
1752285941860 0.989 51
1752285996135 0.98978 52
1752286050450 0.98997 53
1752286105727 0.98752 54
1752286161564 0.9885 55
1752286217618 0.98632 56
1752286274107 0.98828 57
1752286329382 0.99038 58
1752286385070 0.99102 59
1752286442591 0.99012 60
1752286499917 0.98957 61
1752286557129 0.98923 62
1752286613417 0.98807 63
1752286671010 0.99015 64
1752286727906 0.9893 65
1752286783525 0.99073 66
1752286839287 0.98736 67
1752286896223 0.99075 68
1752286951884 0.9903 69
1752287006754 0.98874 70
1752287063422 0.98971 71
1752287118804 0.98893 72
1752287176189 0.99043 73
1752287233853 0.99066 74
1752287294235 0.98967 75
1752287351329 0.99223 76
1752287408688 0.99028 77
1752287465700 0.99061 78
1752287523007 0.99141 79
1752287579039 0.99128 80
1752287636205 0.99012 81
1752287693188 0.99024 82
1752287749695 0.99006 83
1752287807123 0.99029 84
1752287864403 0.99038 85
1752287923117 0.98995 86
1752287983352 0.9893 87
1752288044622 0.98998 88
1752288104334 0.98997 89
1752288163440 0.99031 90
1752288220085 0.99141 91
1752288277794 0.99097 92
1752288331583 0.99096 93
1752288385415 0.99058 94
1752288442212 0.99169 95
1752288498681 0.99171 96
1752288552934 0.9917 97
1752288608929 0.99097 98
1752288663822 0.99173 99
1752288677315 0.9917708069386642 99
