1752283129136 0.71287 0
1752283184490 0.65485 1
1752283239958 0.7324 2
1752283295270 0.76485 3
1752283350997 0.75589 4
1752283406803 0.77431 5
1752283463409 0.80736 6
1752283519368 0.81838 7
1752283574350 0.79957 8
1752283630496 0.81991 9
1752283686363 0.83646 10
1752283741888 0.82479 11
1752283796660 0.84691 12
1752283851078 0.83334 13
1752283904747 0.85123 14
1752283959644 0.84335 15
1752284015271 0.83643 16
1752284071279 0.84389 17
1752284125741 0.87512 18
1752284181198 0.85548 19
1752284236206 0.85588 20
1752284290026 0.87556 21
1752284344379 0.86488 22
1752284398759 0.86361 23
1752284453242 0.86155 24
1752284508313 0.87519 25
1752284562585 0.87367 26
1752284617720 0.87717 27
1752284672744 0.8736 28
1752284728381 0.86767 29
1752284782057 0.86776 30
1752284835632 0.87333 31
1752284890425 0.882 32
1752284945111 0.87498 33
1752285000117 0.88005 34
1752285054919 0.88175 35
1752285109539 0.87839 36
1752285164151 0.88196 37
1752285218648 0.88762 38
1752285272443 0.88923 39
1752285327806 0.88102 40
1752285383496 0.88822 41
1752285438739 0.8932 42
1752285493988 0.873 43
1752285549924 0.89152 44
1752285605362 0.89494 45
1752285660973 0.90281 46
1752285716447 0.89424 47
1752285773813 0.89978 48
1752285830143 0.89754 49
1752285886120 0.88604 50
1752285941860 0.89639 51
1752285996135 0.89259 52
1752286050450 0.89454 53
1752286105727 0.89085 54
1752286161564 0.89614 55
1752286217618 0.90422 56
1752286274107 0.89801 57
1752286329382 0.9043 58
1752286385070 0.89955 59
1752286442591 0.89841 60
1752286499917 0.90521 61
1752286557129 0.91101 62
1752286613417 0.90506 63
1752286671010 0.90948 64
1752286727906 0.89681 65
1752286783525 0.90706 66
1752286839287 0.90307 67
1752286896223 0.90868 68
1752286951884 0.90806 69
1752287006754 0.91131 70
1752287063422 0.90861 71
1752287118804 0.90922 72
1752287176189 0.90765 73
1752287233853 0.91224 74
1752287294235 0.91193 75
1752287351329 0.91082 76
1752287408688 0.9131 77
1752287465700 0.91353 78
1752287523007 0.91748 79
1752287579039 0.9172 80
1752287636205 0.92028 81
1752287693188 0.91983 82
1752287749695 0.91773 83
1752287807123 0.91715 84
1752287864403 0.91974 85
1752287923117 0.91907 86
1752287983352 0.91341 87
1752288044622 0.91322 88
1752288104334 0.91296 89
1752288163440 0.9145 90
1752288220085 0.91453 91
1752288277794 0.92032 92
1752288331583 0.92043 93
1752288385415 0.91935 94
1752288442212 0.92155 95
1752288498681 0.92427 96
1752288552934 0.92343 97
1752288608929 0.92716 98
1752288663822 0.92662 99
1752288677315 0.9268909122238492 99
