1752283129136 0.8343 0
1752283184490 0.78141 1
1752283239958 0.81457 2
1752283295270 0.90049 3
1752283350997 0.93906 4
1752283406803 0.91989 5
1752283463409 0.92684 6
1752283519368 0.96715 7
1752283574350 0.95346 8
1752283630496 0.96517 9
1752283686363 0.97976 10
1752283741888 0.96309 11
1752283796660 0.97841 12
1752283851078 0.95176 13
1752283904747 0.97724 14
1752283959644 0.95683 15
1752284015271 0.99403 16
1752284071279 0.97917 17
1752284125741 0.98927 18
1752284181198 0.97365 19
1752284236206 0.96868 20
1752284290026 0.99272 21
1752284344379 0.99304 22
1752284398759 0.9936 23
1752284453242 0.98543 24
1752284508313 0.98743 25
1752284562585 0.98473 26
1752284617720 0.99268 27
1752284672744 0.99238 28
1752284728381 0.97811 29
1752284782057 0.98622 30
1752284835632 0.99355 31
1752284890425 0.9977 32
1752284945111 0.99882 33
1752285000117 0.98295 34
1752285054919 0.98807 35
1752285109539 0.9776 36
1752285164151 0.99217 37
1752285218648 0.99864 38
1752285272443 0.99241 39
1752285327806 0.98913 40
1752285383496 0.98381 41
1752285438739 0.99085 42
1752285493988 0.99094 43
1752285549924 0.99077 44
1752285605362 0.99675 45
1752285660973 0.99243 46
1752285716447 0.99289 47
1752285773813 0.98663 48
1752285830143 0.98995 49
1752285886120 0.99336 50
1752285941860 0.99257 51
1752285996135 0.98638 52
1752286050450 0.99191 53
1752286105727 0.99191 54
1752286161564 0.99174 55
1752286217618 0.9942 56
1752286274107 0.99843 57
1752286329382 0.99128 58
1752286385070 0.99327 59
1752286442591 0.98781 60
1752286499917 0.9918 61
1752286557129 0.98182 62
1752286613417 0.9903 63
1752286671010 0.99267 64
1752286727906 0.9889 65
1752286783525 0.99387 66
1752286839287 0.98674 67
1752286896223 0.99641 68
1752286951884 0.99275 69
1752287006754 0.99449 70
1752287063422 0.99009 71
1752287118804 0.98516 72
1752287176189 0.98882 73
1752287233853 0.9906 74
1752287294235 0.99176 75
1752287351329 0.98527 76
1752287408688 0.99308 77
1752287465700 0.99111 78
1752287523007 0.99291 79
1752287579039 0.98821 80
1752287636205 0.9922 81
1752287693188 0.99559 82
1752287749695 0.99557 83
1752287807123 0.99653 84
1752287864403 0.99538 85
1752287923117 0.9962 86
1752287983352 0.99493 87
1752288044622 0.99575 88
1752288104334 0.99594 89
1752288163440 0.99511 90
1752288220085 0.99501 91
1752288277794 0.99656 92
1752288331583 0.99683 93
1752288385415 0.99691 94
1752288442212 0.99602 95
1752288498681 0.99687 96
1752288552934 0.99411 97
1752288608929 0.99494 98
1752288663822 0.99707 99
1752288677315 0.9949350862121656 99
