1752283129136 0.86588 0
1752283184490 0.75643 1
1752283239958 0.8733 2
1752283295270 0.91712 3
1752283350997 0.92073 4
1752283406803 0.8839 5
1752283463409 0.96345 6
1752283519368 0.95088 7
1752283574350 0.94249 8
1752283630496 0.95807 9
1752283686363 0.97121 10
1752283741888 0.94056 11
1752283796660 0.96076 12
1752283851078 0.95482 13
1752283904747 0.97133 14
1752283959644 0.9529 15
1752284015271 0.96379 16
1752284071279 0.9767 17
1752284125741 0.96611 18
1752284181198 0.9735 19
1752284236206 0.97194 20
1752284290026 0.97401 21
1752284344379 0.97621 22
1752284398759 0.97419 23
1752284453242 0.97887 24
1752284508313 0.97813 25
1752284562585 0.97887 26
1752284617720 0.97783 27
1752284672744 0.97692 28
1752284728381 0.98358 29
1752284782057 0.97133 30
1752284835632 0.97064 31
1752284890425 0.976 32
1752284945111 0.97064 33
1752285000117 0.97887 34
1752285054919 0.97098 35
1752285109539 0.97384 36
1752285164151 0.97887 37
1752285218648 0.97364 38
1752285272443 0.97887 39
1752285327806 0.98138 40
1752285383496 0.9794 41
1752285438739 0.97635 42
1752285493988 0.97936 43
1752285549924 0.98138 44
1752285605362 0.97887 45
1752285660973 0.98138 46
1752285716447 0.97795 47
1752285773813 0.97874 48
1752285830143 0.98138 49
1752285886120 0.98385 50
1752285941860 0.98063 51
1752285996135 0.98289 52
1752286050450 0.97635 53
1752286105727 0.98041 54
1752286161564 0.977 55
1752286217618 0.97887 56
1752286274107 0.97887 57
1752286329382 0.98599 58
1752286385070 0.98424 59
1752286442591 0.97846 60
1752286499917 0.98257 61
1752286557129 0.98138 62
1752286613417 0.98138 63
1752286671010 0.98389 64
1752286727906 0.98379 65
1752286783525 0.97887 66
1752286839287 0.98675 67
1752286896223 0.97384 68
1752286951884 0.97635 69
1752287006754 0.98389 70
1752287063422 0.97887 71
1752287118804 0.98389 72
1752287176189 0.98108 73
1752287233853 0.98138 74
1752287294235 0.97871 75
1752287351329 0.98021 76
1752287408688 0.98138 77
1752287465700 0.98389 78
1752287523007 0.97887 79
1752287579039 0.98138 80
1752287636205 0.98138 81
1752287693188 0.98175 82
1752287749695 0.98138 83
1752287807123 0.98152 84
1752287864403 0.97749 85
1752287923117 0.97517 86
1752287983352 0.98389 87
1752288044622 0.98158 88
1752288104334 0.98383 89
1752288163440 0.9813 90
1752288220085 0.98169 91
1752288277794 0.98389 92
1752288331583 0.98389 93
1752288385415 0.98389 94
1752288442212 0.98643 95
1752288498681 0.98502 96
1752288552934 0.98631 97
1752288608929 0.98532 98
1752288663822 0.98138 99
1752288677315 0.9852462080615096 99
