1751947570083 0.92995 0
1751947589529 0.93554 1
1751947606705 0.89278 2
1751947623114 0.96959 3
1751947638988 0.9677 4
1751947655691 0.96784 5
1751947672727 0.98199 6
1751947689386 0.97625 7
1751947705213 0.98674 8
1751947722162 0.98752 9
1751947739333 0.98668 10
1751947756241 0.98265 11
1751947773007 0.98786 12
1751947791558 0.9848 13
1751947808958 0.99176 14
1751947825678 0.98942 15
1751947842715 0.98897 16
1751947860657 0.99321 17
1751947877131 0.98862 18
1751947893832 0.98967 19
1751947910133 0.98854 20
1751947925252 0.98908 21
1751947941827 0.98776 22
1751947958205 0.99104 23
1751947974851 0.98851 24
1751947993030 0.9869 25
1751948009594 0.98994 26
1751948025821 0.99023 27
1751948042444 0.98711 28
1751948058795 0.98688 29
1751948074541 0.98743 30
1751948090511 0.98937 31
1751948107044 0.98849 32
1751948123757 0.99046 33
1751948140233 0.9906 34
1751948155912 0.99055 35
1751948171796 0.98754 36
1751948188999 0.99121 37
1751948205979 0.99059 38
1751948223026 0.99081 39
1751948239608 0.99011 40
1751948255979 0.99144 41
1751948272249 0.98975 42
1751948288763 0.99047 43
1751948305853 0.99107 44
1751948321182 0.98961 45
1751948337701 0.98891 46
1751948354004 0.98928 47
1751948370363 0.9898 48
1751948387973 0.98994 49
1751948395448 0.989927375884039 49
