1751947570083 0.71466 0
1751947589529 0.74985 1
1751947606705 0.66044 2
1751947623114 0.80758 3
1751947638988 0.79851 4
1751947655691 0.8024 5
1751947672727 0.81594 6
1751947689386 0.82143 7
1751947705213 0.85959 8
1751947722162 0.8408 9
1751947739333 0.83549 10
1751947756241 0.85555 11
1751947773007 0.86176 12
1751947791558 0.84634 13
1751947808958 0.8689 14
1751947825678 0.83917 15
1751947842715 0.85436 16
1751947860657 0.88092 17
1751947877131 0.85598 18
1751947893832 0.85227 19
1751947910133 0.87731 20
1751947925252 0.86535 21
1751947941827 0.87971 22
1751947958205 0.8969 23
1751947974851 0.87941 24
1751947993030 0.88655 25
1751948009594 0.89127 26
1751948025821 0.8925 27
1751948042444 0.88065 28
1751948058795 0.88841 29
1751948074541 0.89093 30
1751948090511 0.89432 31
1751948107044 0.89472 32
1751948123757 0.90113 33
1751948140233 0.90189 34
1751948155912 0.89544 35
1751948171796 0.89721 36
1751948188999 0.89948 37
1751948205979 0.89689 38
1751948223026 0.90508 39
1751948239608 0.90103 40
1751948255979 0.90778 41
1751948272249 0.90033 42
1751948288763 0.90709 43
1751948305853 0.90682 44
1751948321182 0.90744 45
1751948337701 0.91134 46
1751948354004 0.90995 47
1751948370363 0.91544 48
1751948387973 0.91972 49
1751948395448 0.9201601882185869 49
