1751947570083 0.94409 0
1751947589529 0.83405 1
1751947606705 0.83557 2
1751947623114 0.95929 3
1751947638988 0.93706 4
1751947655691 0.90264 5
1751947672727 0.95607 6
1751947689386 0.96754 7
1751947705213 0.98801 8
1751947722162 0.97582 9
1751947739333 0.98589 10
1751947756241 0.93238 11
1751947773007 0.98192 12
1751947791558 0.97004 13
1751947808958 0.9932 14
1751947825678 0.98828 15
1751947842715 0.99853 16
1751947860657 0.99505 17
1751947877131 0.98454 18
1751947893832 0.98969 19
1751947910133 0.98753 20
1751947925252 0.98742 21
1751947941827 0.99552 22
1751947958205 0.98717 23
1751947974851 0.99721 24
1751947993030 0.98748 25
1751948009594 0.99267 26
1751948025821 0.99586 27
1751948042444 0.99945 28
1751948058795 0.99432 29
1751948074541 0.99316 30
1751948090511 0.99825 31
1751948107044 0.98798 32
1751948123757 0.99064 33
1751948140233 0.99127 34
1751948155912 0.99828 35
1751948171796 0.99211 36
1751948188999 0.9948 37
1751948205979 0.99435 38
1751948223026 0.99909 39
1751948239608 0.99587 40
1751948255979 0.99819 41
1751948272249 0.99927 42
1751948288763 0.9921 43
1751948305853 0.99746 44
1751948321182 0.99585 45
1751948337701 0.99118 46
1751948354004 0.99687 47
1751948370363 0.99133 48
1751948387973 0.99494 49
1751948395448 0.9949442181881256 49
