1751947570083 0.67846 0
1751947589529 0.87488 1
1751947606705 0.86536 2
1751947623114 0.90932 3
1751947638988 0.91747 4
1751947655691 0.90261 5
1751947672727 0.96413 6
1751947689386 0.95625 7
1751947705213 0.97884 8
1751947722162 0.9394 9
1751947739333 0.97384 10
1751947756241 0.95625 11
1751947773007 0.98138 12
1751947791558 0.97315 13
1751947808958 0.98033 14
1751947825678 0.9767 15
1751947842715 0.97285 16
1751947860657 0.97852 17
1751947877131 0.98191 18
1751947893832 0.9778 19
1751947910133 0.98499 20
1751947925252 0.984 21
1751947941827 0.97384 22
1751947958205 0.98587 23
1751947974851 0.97384 24
1751947993030 0.98356 25
1751948009594 0.9864 26
1751948025821 0.97887 27
1751948042444 0.98066 28
1751948058795 0.98785 29
1751948074541 0.98385 30
1751948090511 0.97908 31
1751948107044 0.98138 32
1751948123757 0.98563 33
1751948140233 0.98577 34
1751948155912 0.98062 35
1751948171796 0.97958 36
1751948188999 0.98675 37
1751948205979 0.97826 38
1751948223026 0.98172 39
1751948239608 0.98424 40
1751948255979 0.9842 41
1751948272249 0.97666 42
1751948288763 0.9884 43
1751948305853 0.98511 44
1751948321182 0.986 45
1751948337701 0.98602 46
1751948354004 0.98138 47
1751948370363 0.98357 48
1751948387973 0.98523 49
1751948395448 0.9853494044780609 49
