1752283120071 0.0005513923076923078 0
1752283177981 0.0010960990905128204 1
1752283233650 0.0016298036733333333 2
1752283288916 0.0016174900999999999 3
1752283344804 0.0016009868 4
1752283400726 0.0015844835000000002 5
1752283457187 0.0015679802000000001 6
1752283513290 0.0015514769 7
1752283567346 0.0015349736000000002 8
1752283623021 0.0015184703000000002 9
1752283678836 0.001501967 10
1752283734338 0.0014854637 11
1752283789638 0.0014689604 12
1752283844798 0.0014524571 13
1752283898623 0.0014359538 14
1752283953622 0.0014194505000000002 15
1752284009052 0.0014029472000000002 16
1752284064921 0.0013864439 17
1752284119316 0.0013699406000000003 18
1752284173630 0.0013534373000000002 19
1752284228676 0.0013369340000000001 20
1752284283531 0.0013204307 21
1752284338227 0.0013039274 22
1752284392630 0.0012874241 23
1752284447080 0.0012709208 24
1752284502281 0.0012544175 25
1752284556123 0.0012379142000000002 26
1752284610843 0.0012214109000000001 27
1752284665302 0.0012049076 28
1752284720914 0.0011884043 29
1752284775599 0.001171901 30
1752284829544 0.0011553976999999999 31
1752284884409 0.0011388944 32
1752284939157 0.0011223911 33
1752284993875 0.0011058878 34
1752285047619 0.0010893845 35
1752285101893 0.0010728812000000002 36
1752285157262 0.0010563779000000001 37
1752285212334 0.0010398746 38
1752285266414 0.0010233713 39
1752285321810 0.001006868 40
1752285377407 0.0009903647000000001 41
1752285432647 0.0009738614000000002 42
1752285487641 0.0009573581000000001 43
1752285542954 0.0009408548 44
1752285597826 0.0009243515000000001 45
1752285653396 0.0009078482000000002 46
1752285709057 0.0008913449000000002 47
1752285766073 0.0008748416000000001 48
1752285822664 0.0008583383 49
1752285879480 0.0008418350000000001 50
1752285935099 0.0008253317 51
1752285990005 0.0008088284 52
1752286044306 0.0007923251 53
1752286099609 0.0007758218 54
1752286155292 0.0007593185 55
1752286211433 0.0007428151999999999 56
1752286268055 0.0007263119000000001 57
1752286322337 0.0007098086000000001 58
1752286377821 0.0006933053000000001 59
1752286434939 0.0006768020000000001 60
1752286492132 0.0006602987 61
1752286549640 0.0006437954 62
1752286605775 0.0006272921 63
1752286663501 0.0006107888000000001 64
1752286720583 0.0005942855 65
1752286776776 0.0005777822 66
1752286832500 0.0005612788999999999 67
1752286888818 0.0005447756 68
1752286944982 0.0005282723000000001 69
1752287000502 0.0005117690000000001 70
1752287055607 0.0004952657000000001 71
1752287112452 0.00047876240000000006 72
1752287169103 0.0004622591000000001 73
1752287226345 0.00044575580000000005 74
1752287286897 0.00042925250000000004 75
1752287343786 0.0004127492 76
1752287401132 0.0003962459 77
1752287458210 0.00037974259999999996 78
1752287515849 0.0003632393 79
1752287571976 0.00034673599999999994 80
1752287629056 0.00033023269999999993 81
1752287685891 0.00031372940000000014 82
1752287742127 0.0002972261000000001 83
1752287799466 0.00028072280000000007 84
1752287857425 0.00026421950000000006 85
1752287915554 0.00024771620000000005 86
1752287976134 0.00023121290000000004 87
1752288038202 0.0002147096 88
1752288096913 0.00019820629999999997 89
1752288155416 0.00018170299999999996 90
1752288212579 0.00016519969999999996 91
1752288269643 0.00014869639999999995 92
1752288325103 0.0001321930999999999 93
1752288379095 0.00011568980000000008 94
1752288435666 9.918650000000008e-05 95
1752288492359 8.268320000000008e-05 96
1752288545855 6.617990000000005e-05 97
1752288601121 4.967660000000004e-05 98
1752288656180 3.3173300000000017e-05 99
