1752026022542 0.0005471179487179488 0
1752026069820 0.0010918670476923076 1
1752026111201 0.0016256139466666666 2
1752026152544 0.0016174900999999999 3
1752026194351 0.0016009868 4
1752026236843 0.0015844835000000002 5
1752026278543 0.0015679802000000001 6
1752026321005 0.0015514769 7
1752026363456 0.0015349736000000002 8
1752026405473 0.0015184703000000002 9
1752026447174 0.001501967 10
1752026490363 0.0014854637 11
1752026532565 0.0014689604 12
1752026573966 0.0014524571 13
1752026621160 0.0014359538 14
1752026663215 0.0014194505000000002 15
1752026706255 0.0014029472000000002 16
1752026747928 0.0013864439 17
1752026790510 0.0013699406000000003 18
1752026832462 0.0013534373000000002 19
1752026874657 0.0013369340000000001 20
1752026915962 0.0013204307 21
1752026957892 0.0013039274 22
1752026999860 0.0012874241 23
1752027042783 0.0012709208 24
1752027085871 0.0012544175 25
1752027127376 0.0012379142000000002 26
1752027168453 0.0012214109000000001 27
1752027210096 0.0012049076 28
1752027252892 0.0011884043 29
1752027294639 0.001171901 30
1752027336780 0.0011553976999999999 31
1752027378377 0.0011388944 32
1752027420850 0.0011223911 33
1752027463155 0.0011058878 34
