1752236431809 0.0005513923076923078 0
1752236543490 0.0010960990905128204 1
1752236656699 0.0016298036733333333 2
1752236766166 0.0016174900999999999 3
1752236880544 0.0016009868 4
1752236989910 0.0015844835000000002 5
1752237100488 0.0015679802000000001 6
1752237214307 0.0015514769 7
1752237325095 0.0015349736000000002 8
1752237435328 0.0015184703000000002 9
1752237549784 0.001501967 10
1752237665128 0.0014854637 11
1752237775031 0.0014689604 12
1752237883848 0.0014524571 13
1752237993244 0.0014359538 14
1752238101902 0.0014194505000000002 15
1752238210770 0.0014029472000000002 16
1752238319872 0.0013864439 17
1752238428647 0.0013699406000000003 18
1752238537256 0.0013534373000000002 19
1752238651993 0.0013369340000000001 20
1752238760727 0.0013204307 21
1752238869841 0.0013039274 22
1752238984481 0.0012874241 23
1752239093541 0.0012709208 24
1752239207400 0.0012544175 25
1752239316120 0.0012379142000000002 26
1752239424979 0.0012214109000000001 27
1752239533475 0.0012049076 28
1752239642101 0.0011884043 29
1752239750813 0.001171901 30
1752239859213 0.0011553976999999999 31
1752239967215 0.0011388944 32
1752240075418 0.0011223911 33
1752240183834 0.0011058878 34
1752240292183 0.0010893845 35
1752240400252 0.0010728812000000002 36
1752240508149 0.0010563779000000001 37
1752240615906 0.0010398746 38
1752240724427 0.0010233713 39
1752240832991 0.001006868 40
1752240941316 0.0009903647000000001 41
1752241049200 0.0009738614000000002 42
1752241157895 0.0009573581000000001 43
1752241266207 0.0009408548 44
