1752298695926 2.10824 0
1752298762315 1.69532 1
1752298828549 1.64749 2
1752298893896 1.57989 3
1752298958446 1.53433 4
1752299023375 1.48474 5
1752299088985 1.43455 6
1752299158766 1.38907 7
1752299223788 1.36731 8
1752299291458 1.3548 9
1752299356884 1.33577 10
1752299420732 1.26787 11
1752299486553 1.2891 12
1752299551491 1.24846 13
1752299618029 1.24058 14
1752299683694 1.22727 15
1752299748539 1.2272 16
1752299815788 1.18955 17
1752299879867 1.19245 18
1752299946906 1.19009 19
1752300012325 1.11902 20
1752300078497 1.134 21
1752300144442 1.12289 22
1752300208901 1.11347 23
1752300275452 1.11444 24
1752300341517 1.0628 25
1752300408941 1.05816 26
1752300473767 1.05477 27
1752300537323 1.05946 28
1752300602288 1.04054 29
1752300665801 1.04738 30
1752300729576 1.00141 31
1752300794826 1.008 32
1752300858885 1.00321 33
1752300923501 1.01166 34
1752300987974 0.985 35
1752301050666 0.98194 36
1752301116285 0.98788 37
1752301180528 0.95598 38
1752301244836 0.94389 39
1752301309357 0.94399 40
1752301373269 0.93266 41
1752301438184 0.93915 42
1752301502917 0.92553 43
1752301565807 0.93525 44
1752301631738 0.90254 45
1752301696756 0.90455 46
1752301762500 0.8775 47
1752301826077 0.88831 48
1752301889408 0.89281 49
1752301955516 0.87643 50
1752302020259 0.8882 51
1752302084184 0.85799 52
1752302149006 0.83684 53
1752302213331 0.83743 54
1752302277062 0.84874 55
1752302340991 0.83052 56
1752302405556 0.82309 57
1752302471084 0.84797 58
1752302535579 0.81209 59
1752302599225 0.8101 60
1752302665280 0.77751 61
1752302729161 0.80451 62
1752302794077 0.82773 63
1752302858145 0.80271 64
1752302921606 0.79741 65
1752302987527 0.76697 66
1752303050692 0.75408 67
1752303113072 0.76582 68
1752303178803 0.75551 69
1752303243277 0.77777 70
1752303308787 0.75424 71
1752303374071 0.74327 72
1752303436853 0.74287 73
1752303502461 0.74343 74
1752303566842 0.74695 75
1752303632233 0.7224 76
1752303696812 0.73456 77
1752303760381 0.72748 78
1752303826194 0.70854 79
1752303891405 0.71086 80
1752303957148 0.68901 81
1752304022052 0.69534 82
1752304085147 0.68237 83
1752304150627 0.68566 84
1752304214475 0.67635 85
1752304277768 0.67066 86
1752304343972 0.66151 87
1752304408832 0.66973 88
1752304474145 0.64051 89
1752304539506 0.52727 90
1752304601641 0.51805 91
1752304665198 0.51705 92
1752304727061 0.49402 93
1752304789646 0.48097 94
1752304851404 0.48326 95
1752304914777 0.4875 96
1752304978581 0.48029 97
1752305042414 0.48073 98
1752305103846 0.46801 99
