1752298695926 4.10825 0
1752298762315 2.89959 1
1752298828549 2.36906 2
1752298893896 2.12688 3
1752298958446 1.83392 4
1752299023375 1.7177 5
1752299088985 1.56822 6
1752299158766 1.47473 7
1752299223788 1.41696 8
1752299291458 1.31122 9
1752299356884 1.28166 10
1752299420732 1.2455 11
1752299486553 1.23386 12
1752299551491 1.15306 13
1752299618029 1.1649 14
1752299683694 1.11962 15
1752299748539 1.09346 16
1752299815788 1.05764 17
1752299879867 1.06868 18
1752299946906 1.02637 19
1752300012325 0.99784 20
1752300078497 0.97122 21
1752300144442 0.96551 22
1752300208901 0.93923 23
1752300275452 0.93591 24
1752300341517 0.87513 25
1752300408941 0.88812 26
1752300473767 0.87753 27
1752300537323 0.9004 28
1752300602288 0.85798 29
1752300665801 0.85036 30
1752300729576 0.82069 31
1752300794826 0.82065 32
1752300858885 0.78436 33
1752300923501 0.81206 34
1752300987974 0.79122 35
1752301050666 0.80713 36
1752301116285 0.79016 37
1752301180528 0.76989 38
1752301244836 0.77002 39
1752301309357 0.76531 40
1752301373269 0.7649 41
1752301438184 0.74909 42
1752301502917 0.72022 43
1752301565807 0.7189 44
1752301631738 0.71342 45
1752301696756 0.72331 46
1752301762500 0.69268 47
1752301826077 0.69559 48
1752301889408 0.68427 49
1752301955516 0.70086 50
1752302020259 0.70101 51
1752302084184 0.6744 52
1752302149006 0.65617 53
1752302213331 0.6581 54
1752302277062 0.69177 55
1752302340991 0.64362 56
1752302405556 0.63638 57
1752302471084 0.66171 58
1752302535579 0.62064 59
1752302599225 0.61843 60
1752302665280 0.59407 61
1752302729161 0.61847 62
1752302794077 0.62922 63
1752302858145 0.61297 64
1752302921606 0.59541 65
1752302987527 0.57673 66
1752303050692 0.57026 67
1752303113072 0.61073 68
1752303178803 0.59055 69
1752303243277 0.61604 70
1752303308787 0.58869 71
1752303374071 0.5759 72
1752303436853 0.57415 73
1752303502461 0.57352 74
1752303566842 0.5742 75
1752303632233 0.57504 76
1752303696812 0.56876 77
1752303760381 0.56697 78
1752303826194 0.552 79
1752303891405 0.56391 80
1752303957148 0.527 81
1752304022052 0.5387 82
1752304085147 0.52409 83
1752304150627 0.52401 84
1752304214475 0.52687 85
1752304277768 0.53287 86
1752304343972 0.51569 87
1752304408832 0.52777 88
1752304474145 0.5007 89
1752304539506 0.34611 90
1752304601641 0.32106 91
1752304665198 0.32232 92
1752304727061 0.31461 93
1752304789646 0.30355 94
1752304851404 0.30483 95
1752304914777 0.3067 96
1752304978581 0.30477 97
1752305042414 0.3021 98
1752305103846 0.29894 99
