1752298695926 2.16849 0
1752298762315 1.75168 1
1752298828549 1.67695 2
1752298893896 1.6512 3
1752298958446 1.59381 4
1752299023375 1.55174 5
1752299088985 1.51639 6
1752299158766 1.46049 7
1752299223788 1.44514 8
1752299291458 1.42508 9
1752299356884 1.414 10
1752299420732 1.38731 11
1752299486553 1.40114 12
1752299551491 1.37121 13
1752299618029 1.3561 14
1752299683694 1.34202 15
1752299748539 1.32885 16
1752299815788 1.31752 17
1752299879867 1.3232 18
1752299946906 1.33028 19
1752300012325 1.27831 20
1752300078497 1.26163 21
1752300144442 1.27644 22
1752300208901 1.25701 23
1752300275452 1.26877 24
1752300341517 1.23829 25
1752300408941 1.23388 26
1752300473767 1.23142 27
1752300537323 1.23098 28
1752300602288 1.2191 29
1752300665801 1.22289 30
1752300729576 1.20711 31
1752300794826 1.20336 32
1752300858885 1.18556 33
1752300923501 1.19593 34
1752300987974 1.18069 35
1752301050666 1.1829 36
1752301116285 1.18377 37
1752301180528 1.1731 38
1752301244836 1.16904 39
1752301309357 1.163 40
1752301373269 1.16172 41
1752301438184 1.15893 42
1752301502917 1.15186 43
1752301565807 1.15482 44
1752301631738 1.14693 45
1752301696756 1.14234 46
1752301762500 1.13053 47
1752301826077 1.12844 48
1752301889408 1.13452 49
1752301955516 1.13036 50
1752302020259 1.13568 51
1752302084184 1.11579 52
1752302149006 1.10677 53
1752302213331 1.10355 54
1752302277062 1.11652 55
1752302340991 1.09722 56
1752302405556 1.1014 57
1752302471084 1.11852 58
1752302535579 1.08689 59
1752302599225 1.09195 60
1752302665280 1.07586 61
1752302729161 1.08882 62
1752302794077 1.0921 63
1752302858145 1.08242 64
1752302921606 1.07386 65
1752302987527 1.05421 66
1752303050692 1.06223 67
1752303113072 1.07119 68
1752303178803 1.05689 69
1752303243277 1.07307 70
1752303308787 1.05947 71
1752303374071 1.058 72
1752303436853 1.05034 73
1752303502461 1.05217 74
1752303566842 1.05976 75
1752303632233 1.0497 76
1752303696812 1.06831 77
1752303760381 1.05151 78
1752303826194 1.039 79
1752303891405 1.04814 80
1752303957148 1.02916 81
1752304022052 1.03985 82
1752304085147 1.02516 83
1752304150627 1.02422 84
1752304214475 1.01188 85
1752304277768 1.02026 86
1752304343972 1.01314 87
1752304408832 1.01928 88
1752304474145 1.00106 89
1752304539506 0.93988 90
1752304601641 0.93463 91
1752304665198 0.93224 92
1752304727061 0.921 93
1752304789646 0.91086 94
1752304851404 0.91331 95
1752304914777 0.92206 96
1752304978581 0.91791 97
1752305042414 0.91114 98
1752305103846 0.91512 99
