1752236431809 0.94338 0
1752236543490 1.06049 1
1752236656699 1.07014 2
1752236766166 1.00936 3
1752236880544 0.95776 4
1752236989910 0.91744 5
1752237100488 0.90571 6
1752237214307 0.88375 7
1752237325095 0.85183 8
1752237435328 0.82826 9
1752237549784 0.80973 10
1752237665128 0.80345 11
1752237775031 0.77966 12
1752237883848 0.74336 13
1752237993244 0.75707 14
1752238101902 0.77573 15
1752238210770 0.73569 16
1752238319872 0.73991 17
1752238428647 0.69784 18
1752238537256 0.70872 19
1752238651993 0.70258 20
1752238760727 0.69819 21
1752238869841 0.68485 22
1752238984481 0.65612 23
1752239093541 0.667 24
1752239207400 0.67202 25
1752239316120 0.69586 26
1752239424979 0.6619 27
1752239533475 0.6483 28
1752239642101 0.64191 29
1752239750813 0.64075 30
1752239859213 0.67454 31
1752239967215 0.62635 32
1752240075418 0.63579 33
1752240183834 0.62194 34
1752240292183 0.63144 35
1752240400252 0.61264 36
1752240508149 0.62969 37
1752240615906 0.60929 38
1752240724427 0.62388 39
1752240832991 0.61342 40
1752240941316 0.59566 41
1752241049200 0.59724 42
1752241157895 0.59087 43
1752241266207 0.60263 44
