1752236431809 1.81326 0
1752236543490 1.19862 1
1752236656699 1.14017 2
1752236766166 1.02373 3
1752236880544 0.93404 4
1752236989910 0.89265 5
1752237100488 0.83028 6
1752237214307 0.78091 7
1752237325095 0.75423 8
1752237435328 0.71973 9
1752237549784 0.66171 10
1752237665128 0.66587 11
1752237775031 0.65314 12
1752237883848 0.61776 13
1752237993244 0.62989 14
1752238101902 0.61284 15
1752238210770 0.59787 16
1752238319872 0.58986 17
1752238428647 0.55144 18
1752238537256 0.55479 19
1752238651993 0.54951 20
1752238760727 0.53155 21
1752238869841 0.51881 22
1752238984481 0.49045 23
1752239093541 0.48398 24
1752239207400 0.50223 25
1752239316120 0.50507 26
1752239424979 0.49407 27
1752239533475 0.4821 28
1752239642101 0.4783 29
1752239750813 0.45135 30
1752239859213 0.48316 31
1752239967215 0.44885 32
1752240075418 0.45338 33
1752240183834 0.43162 34
1752240292183 0.45182 35
1752240400252 0.41557 36
1752240508149 0.42617 37
1752240615906 0.42091 38
1752240724427 0.43623 39
1752240832991 0.42033 40
1752240941316 0.41515 41
1752241049200 0.39239 42
1752241157895 0.4052 43
1752241266207 0.4067 44
