1752236431809 1.33734 0
1752236543490 1.39672 1
1752236656699 1.39371 2
1752236766166 1.32689 3
1752236880544 1.31037 4
1752236989910 1.26954 5
1752237100488 1.27868 6
1752237214307 1.23875 7
1752237325095 1.22447 8
1752237435328 1.20654 9
1752237549784 1.18835 10
1752237665128 1.18501 11
1752237775031 1.16815 12
1752237883848 1.15104 13
1752237993244 1.1545 14
1752238101902 1.17549 15
1752238210770 1.15012 16
1752238319872 1.13589 17
1752238428647 1.11262 18
1752238537256 1.12407 19
1752238651993 1.11812 20
1752238760727 1.1157 21
1752238869841 1.10908 22
1752238984481 1.08239 23
1752239093541 1.09614 24
1752239207400 1.10633 25
1752239316120 1.11125 26
1752239424979 1.08917 27
1752239533475 1.08165 28
1752239642101 1.08915 29
1752239750813 1.07712 30
1752239859213 1.10502 31
1752239967215 1.07164 32
1752240075418 1.07213 33
1752240183834 1.07023 34
1752240292183 1.06737 35
1752240400252 1.05755 36
1752240508149 1.0655 37
1752240615906 1.05785 38
1752240724427 1.07157 39
1752240832991 1.05887 40
1752240941316 1.04815 41
1752241049200 1.04695 42
1752241157895 1.05753 43
1752241266207 1.05546 44
