1751989431052 0.36287 0
1751989474186 0.05457 1
1751989518119 0.38202 2
1751989561591 0.53329 3
1751989609154 0.76344 4
1751989657875 0.95817 5
1751989706512 0.97648 6
1751989753997 0.97088 7
1751989798088 0.84671 8
1751989846213 0.97196 9
1751989899414 0.97266 10
1751989952628 0.97391 11
1751990000756 0.97524 12
1751990043657 0.98362 13
1751990091175 0.98209 14
1751990144367 0.98061 15
1751990192865 0.99131 16
1751990240876 0.96846 17
1751990288537 0.98512 18
1751990336629 0.9866 19
1751990384255 0.9782 20
1751990432003 0.98995 21
1751990481083 0.98328 22
1751990528729 0.98857 23
1751990576269 0.98862 24
1751990624443 0.98608 25
1751990678182 0.98663 26
1751990725594 0.98654 27
1751990772896 0.98511 28
1751990820505 0.98809 29
1751990868958 0.98441 30
1751990916794 0.98892 31
1751990959518 0.98212 32
1751991008370 0.98499 33
1751991056549 0.98792 34
1751991098706 0.98292 35
1751991147575 0.9918 36
1751991194780 0.98869 37
1751991237234 0.99172 38
1751991290005 0.98807 39
1751991337087 0.98824 40
1751991380247 0.98778 41
1751991422840 0.98989 42
1751991471401 0.98975 43
1751991518975 0.99197 44
1751991561270 0.99095 45
1751991603278 0.98787 46
1751991651415 0.99415 47
1751991698580 0.99345 48
1751991746182 0.98821 49
1751991793809 0.98907 50
1751991835797 0.99276 51
1751991882882 0.98668 52
1751991925003 0.98759 53
1751991971971 0.99031 54
1751992020247 0.98686 55
1751992067213 0.98661 56
1751992115078 0.99056 57
1751992126961 0.9941660356273267 57
