1751989431052 0.27614 0
1751989474186 0.0252 1
1751989518119 0.28055 2
1751989561591 0.37839 3
1751989609154 0.6159 4
1751989657875 0.7898 5
1751989706512 0.80179 6
1751989753997 0.79737 7
1751989798088 0.69097 8
1751989846213 0.80152 9
1751989899414 0.82021 10
1751989952628 0.83606 11
1751990000756 0.81178 12
1751990043657 0.84417 13
1751990091175 0.84333 14
1751990144367 0.84976 15
1751990192865 0.85276 16
1751990240876 0.84938 17
1751990288537 0.84963 18
1751990336629 0.8509 19
1751990384255 0.84923 20
1751990432003 0.85337 21
1751990481083 0.86724 22
1751990528729 0.87537 23
1751990576269 0.86463 24
1751990624443 0.87586 25
1751990678182 0.8771 26
1751990725594 0.86995 27
1751990772896 0.87118 28
1751990820505 0.87194 29
1751990868958 0.87361 30
1751990916794 0.87046 31
1751990959518 0.85785 32
1751991008370 0.88657 33
1751991056549 0.87797 34
1751991098706 0.86077 35
1751991147575 0.88853 36
1751991194780 0.87531 37
1751991237234 0.87878 38
1751991290005 0.89173 39
1751991337087 0.89018 40
1751991380247 0.88218 41
1751991422840 0.88038 42
1751991471401 0.89224 43
1751991518975 0.89827 44
1751991561270 0.88895 45
1751991603278 0.88671 46
1751991651415 0.90589 47
1751991698580 0.90374 48
1751991746182 0.88458 49
1751991793809 0.89031 50
1751991835797 0.8973 51
1751991882882 0.89009 52
1751991925003 0.90036 53
1751991971971 0.90506 54
1751992020247 0.89539 55
1751992067213 0.90132 56
1751992115078 0.90267 57
1751992126961 0.9067862392252148 57
