1751989431052 0.24748 0
1751989474186 0.10537 1
1751989518119 0.28508 2
1751989561591 0.60386 3
1751989609154 0.77894 4
1751989657875 0.92628 5
1751989706512 0.92726 6
1751989753997 0.90565 7
1751989798088 0.7848 8
1751989846213 0.91123 9
1751989899414 0.92543 10
1751989952628 0.86219 11
1751990000756 0.95954 12
1751990043657 0.97283 13
1751990091175 0.96516 14
1751990144367 0.97736 15
1751990192865 0.98985 16
1751990240876 0.93234 17
1751990288537 0.94979 18
1751990336629 0.98049 19
1751990384255 0.98247 20
1751990432003 0.98869 21
1751990481083 0.96179 22
1751990528729 0.97856 23
1751990576269 0.9781 24
1751990624443 0.99349 25
1751990678182 0.98191 26
1751990725594 0.98719 27
1751990772896 0.99239 28
1751990820505 0.99162 29
1751990868958 0.99742 30
1751990916794 0.97304 31
1751990959518 0.98183 32
1751991008370 0.9891 33
1751991056549 0.9906 34
1751991098706 0.99421 35
1751991147575 0.98734 36
1751991194780 0.98141 37
1751991237234 0.99276 38
1751991290005 0.99623 39
1751991337087 0.98746 40
1751991380247 0.97858 41
1751991422840 0.98804 42
1751991471401 0.98258 43
1751991518975 0.98847 44
1751991561270 0.99099 45
1751991603278 0.98935 46
1751991651415 0.98832 47
1751991698580 0.98923 48
1751991746182 0.98734 49
1751991793809 0.98378 50
1751991835797 0.99614 51
1751991882882 0.98974 52
1751991925003 0.99879 53
1751991971971 0.99911 54
1751992020247 0.99421 55
1751992067213 0.99195 56
1751992115078 0.99325 57
1751992126961 0.9883079994372821 57
