1751989431052 0.72724 0
1751989474186 0.32917 1
1751989518119 0.68264 2
1751989561591 0.51683 3
1751989609154 0.71314 4
1751989657875 0.91103 5
1751989706512 0.92103 6
1751989753997 0.93866 7
1751989798088 0.85696 8
1751989846213 0.9462 9
1751989899414 0.94149 10
1751989952628 0.9282 11
1751990000756 0.94598 12
1751990043657 0.96665 13
1751990091175 0.94561 14
1751990144367 0.9313 15
1751990192865 0.9732 16
1751990240876 0.9398 17
1751990288537 0.95977 18
1751990336629 0.97562 19
1751990384255 0.95123 20
1751990432003 0.97124 21
1751990481083 0.96625 22
1751990528729 0.96596 23
1751990576269 0.97419 24
1751990624443 0.96379 25
1751990678182 0.97887 26
1751990725594 0.95877 27
1751990772896 0.97592 28
1751990820505 0.9682 29
1751990868958 0.97738 30
1751990916794 0.97566 31
1751990959518 0.95808 32
1751991008370 0.97439 33
1751991056549 0.98398 34
1751991098706 0.96637 35
1751991147575 0.97446 36
1751991194780 0.97635 37
1751991237234 0.96182 38
1751991290005 0.97071 39
1751991337087 0.98125 40
1751991380247 0.97635 41
1751991422840 0.97887 42
1751991471401 0.98135 43
1751991518975 0.97088 44
1751991561270 0.9754 45
1751991603278 0.97887 46
1751991651415 0.9893 47
1751991698580 0.96345 48
1751991746182 0.97341 49
1751991793809 0.9757 50
1751991835797 0.98389 51
1751991882882 0.97368 52
1751991925003 0.98101 53
1751991971971 0.9758 54
1751992020247 0.97384 55
1751992067213 0.97887 56
1751992115078 0.98094 57
1751992126961 0.9892837228040441 57
