1752298703501 0.11713 0
1752298770352 0.19836 1
1752298834623 0.36196 2
1752298900971 0.4313 3
1752298965225 0.4929 4
1752299029622 0.50042 5
1752299096944 0.56981 6
1752299165604 0.58913 7
1752299231947 0.55546 8
1752299297711 0.65682 9
1752299363324 0.5985 10
1752299428145 0.64468 11
1752299492634 0.68326 12
1752299559489 0.70401 13
1752299624233 0.64902 14
1752299689878 0.71766 15
1752299755647 0.68972 16
1752299821999 0.67813 17
1752299887690 0.68578 18
1752299953256 0.71267 19
1752300019839 0.71885 20
1752300084881 0.65108 21
1752300150948 0.72273 22
1752300216186 0.71686 23
1752300281751 0.73306 24
1752300349507 0.69239 25
1752300414929 0.76373 26
1752300480919 0.73817 27
1752300544574 0.76475 28
1752300608273 0.74102 29
1752300672658 0.76505 30
1752300736643 0.77562 31
1752300800855 0.74798 32
1752300866617 0.76048 33
1752300929970 0.75763 34
1752300993905 0.75077 35
1752301058577 0.78099 36
1752301122302 0.75955 37
1752301187411 0.75122 38
1752301251346 0.76801 39
1752301315546 0.75638 40
1752301380999 0.7666 41
1752301444663 0.75634 42
1752301508937 0.79808 43
1752301573481 0.77414 44
1752301637772 0.77181 45
1752301704665 0.80408 46
1752301768626 0.79513 47
1752301832054 0.79279 48
1752301897052 0.76805 49
1752301961739 0.78853 50
1752302027043 0.82078 51
1752302090897 0.80608 52
1752302154892 0.77059 53
1752302220958 0.81133 54
1752302283585 0.79346 55
1752302346872 0.81264 56
1752302413089 0.81908 57
1752302477106 0.82493 58
1752302541997 0.79314 59
1752302606291 0.81836 60
1752302671241 0.80113 61
1752302736161 0.82058 62
1752302800289 0.82339 63
1752302864017 0.81566 64
1752302929361 0.82833 65
1752302993296 0.82871 66
1752303056688 0.80572 67
1752303120501 0.83662 68
1752303184696 0.82586 69
1752303250984 0.83629 70
1752303314976 0.82159 71
1752303380059 0.82705 72
1752303444084 0.83634 73
1752303508456 0.82807 74
1752303574736 0.83141 75
1752303638656 0.82623 76
1752303702892 0.82272 77
1752303767792 0.83926 78
1752303832107 0.83286 79
1752303899270 0.83411 80
1752303963642 0.83412 81
1752304027890 0.83667 82
1752304092965 0.84046 83
1752304156585 0.83396 84
1752304220748 0.83966 85
1752304285419 0.85182 86
1752304350145 0.84137 87
1752304416608 0.85374 88
1752304480002 0.84238 89
1752304545953 0.84715 90
1752304608929 0.8459 91
1752304670990 0.85173 92
1752304732884 0.8577 93
1752304795438 0.85944 94
1752304858998 0.86281 95
1752304921909 0.86548 96
1752304984569 0.8672 97
1752305048886 0.86759 98
1752305111482 0.86729 99
1752305125043 0.8688427175395079 99
