1752298703501 0.24122 0
1752298770352 0.42096 1
1752298834623 0.68076 2
1752298900971 0.75683 3
1752298965225 0.8087 4
1752299029622 0.85603 5
1752299096944 0.8852 6
1752299165604 0.93494 7
1752299231947 0.92183 8
1752299297711 0.9508 9
1752299363324 0.9236 10
1752299428145 0.95035 11
1752299492634 0.97534 12
1752299559489 0.96857 13
1752299624233 0.97695 14
1752299689878 0.97555 15
1752299755647 0.96337 16
1752299821999 0.97689 17
1752299887690 0.97879 18
1752299953256 0.98119 19
1752300019839 0.97573 20
1752300084881 0.97474 21
1752300150948 0.97358 22
1752300216186 0.98374 23
1752300281751 0.98441 24
1752300349507 0.9647 25
1752300414929 0.98602 26
1752300480919 0.98208 27
1752300544574 0.98296 28
1752300608273 0.98328 29
1752300672658 0.98309 30
1752300736643 0.98361 31
1752300800855 0.98527 32
1752300866617 0.98561 33
1752300929970 0.98149 34
1752300993905 0.99012 35
1752301058577 0.98813 36
1752301122302 0.98663 37
1752301187411 0.99268 38
1752301251346 0.98612 39
1752301315546 0.96517 40
1752301380999 0.99232 41
1752301444663 0.987 42
1752301508937 0.98892 43
1752301573481 0.98815 44
1752301637772 0.98893 45
1752301704665 0.98801 46
1752301768626 0.99302 47
1752301832054 0.98921 48
1752301897052 0.98865 49
1752301961739 0.98709 50
1752302027043 0.9932 51
1752302090897 0.98864 52
1752302154892 0.98898 53
1752302220958 0.99116 54
1752302283585 0.98919 55
1752302346872 0.99286 56
1752302413089 0.98943 57
1752302477106 0.98949 58
1752302541997 0.98903 59
1752302606291 0.99037 60
1752302671241 0.99356 61
1752302736161 0.98889 62
1752302800289 0.99363 63
1752302864017 0.99433 64
1752302929361 0.99304 65
1752302993296 0.99413 66
1752303056688 0.98978 67
1752303120501 0.99416 68
1752303184696 0.98955 69
1752303250984 0.99066 70
1752303314976 0.98925 71
1752303380059 0.99348 72
1752303444084 0.99399 73
1752303508456 0.98945 74
1752303574736 0.99441 75
1752303638656 0.9935 76
1752303702892 0.99411 77
1752303767792 0.99465 78
1752303832107 0.99456 79
1752303899270 0.99436 80
1752303963642 0.99152 81
1752304027890 0.99458 82
1752304092965 0.99467 83
1752304156585 0.99443 84
1752304220748 0.99465 85
1752304285419 0.99485 86
1752304350145 0.9947 87
1752304416608 0.99052 88
1752304480002 0.99487 89
1752304545953 0.99417 90
1752304608929 0.99459 91
1752304670990 0.99467 92
1752304732884 0.99464 93
1752304795438 0.99464 94
1752304858998 0.9946 95
1752304921909 0.99433 96
1752304984569 0.99445 97
1752305048886 0.99441 98
1752305111482 0.9944 99
1752305125043 0.9944103117796728 99
