1752298703501 0.29874 0
1752298770352 0.59948 1
1752298834623 0.67505 2
1752298900971 0.81823 3
1752298965225 0.77847 4
1752299029622 0.86617 5
1752299096944 0.85021 6
1752299165604 0.92152 7
1752299231947 0.92367 8
1752299297711 0.95651 9
1752299363324 0.87623 10
1752299428145 0.94176 11
1752299492634 0.96471 12
1752299559489 0.96351 13
1752299624233 0.96709 14
1752299689878 0.98281 15
1752299755647 0.9612 16
1752299821999 0.97469 17
1752299887690 0.97098 18
1752299953256 0.97597 19
1752300019839 0.96534 20
1752300084881 0.96889 21
1752300150948 0.95471 22
1752300216186 0.96748 23
1752300281751 0.97612 24
1752300349507 0.95546 25
1752300414929 0.97974 26
1752300480919 0.97826 27
1752300544574 0.98049 28
1752300608273 0.98594 29
1752300672658 0.97809 30
1752300736643 0.97314 31
1752300800855 0.97536 32
1752300866617 0.97913 33
1752300929970 0.99116 34
1752300993905 0.98472 35
1752301058577 0.97141 36
1752301122302 0.987 37
1752301187411 0.97545 38
1752301251346 0.98809 39
1752301315546 0.97606 40
1752301380999 0.96588 41
1752301444663 0.96592 42
1752301508937 0.97583 43
1752301573481 0.98701 44
1752301637772 0.98966 45
1752301704665 0.96301 46
1752301768626 0.98056 47
1752301832054 0.97812 48
1752301897052 0.99073 49
1752301961739 0.97462 50
1752302027043 0.98138 51
1752302090897 0.97022 52
1752302154892 0.97306 53
1752302220958 0.98628 54
1752302283585 0.97216 55
1752302346872 0.96341 56
1752302413089 0.98472 57
1752302477106 0.98615 58
1752302541997 0.97961 59
1752302606291 0.98605 60
1752302671241 0.98307 61
1752302736161 0.98695 62
1752302800289 0.96978 63
1752302864017 0.98617 64
1752302929361 0.98274 65
1752302993296 0.99179 66
1752303056688 0.99357 67
1752303120501 0.99109 68
1752303184696 0.99219 69
1752303250984 0.9935 70
1752303314976 0.97805 71
1752303380059 0.9927 72
1752303444084 0.98407 73
1752303508456 0.99208 74
1752303574736 0.99403 75
1752303638656 0.98205 76
1752303702892 0.9903 77
1752303767792 0.98406 78
1752303832107 0.99153 79
1752303899270 0.97685 80
1752303963642 0.97751 81
1752304027890 0.99784 82
1752304092965 0.99379 83
1752304156585 0.98705 84
1752304220748 0.9851 85
1752304285419 0.98636 86
1752304350145 0.98886 87
1752304416608 0.99096 88
1752304480002 0.99252 89
1752304545953 0.99168 90
1752304608929 0.99245 91
1752304670990 0.9965 92
1752304732884 0.9956 93
1752304795438 0.99435 94
1752304858998 0.99549 95
1752304921909 0.99564 96
1752304984569 0.99516 97
1752305048886 0.99517 98
1752305111482 0.99604 99
1752305125043 0.995174948739975 99
