1752298703501 0.25579 0
1752298770352 0.34352 1
1752298834623 0.57129 2
1752298900971 0.63121 3
1752298965225 0.77006 4
1752299029622 0.79409 5
1752299096944 0.82167 6
1752299165604 0.84694 7
1752299231947 0.81487 8
1752299297711 0.8777 9
1752299363324 0.83016 10
1752299428145 0.86246 11
1752299492634 0.9259 12
1752299559489 0.91694 13
1752299624233 0.91906 14
1752299689878 0.91615 15
1752299755647 0.92665 16
1752299821999 0.92506 17
1752299887690 0.92035 18
1752299953256 0.91877 19
1752300019839 0.93098 20
1752300084881 0.92055 21
1752300150948 0.94424 22
1752300216186 0.93887 23
1752300281751 0.92617 24
1752300349507 0.92282 25
1752300414929 0.93167 26
1752300480919 0.92128 27
1752300544574 0.9463 28
1752300608273 0.92665 29
1752300672658 0.97818 30
1752300736643 0.93635 31
1752300800855 0.96631 32
1752300866617 0.93549 33
1752300929970 0.94131 34
1752300993905 0.9399 35
1752301058577 0.97073 36
1752301122302 0.93384 37
1752301187411 0.97643 38
1752301251346 0.9367 39
1752301315546 0.94485 40
1752301380999 0.98355 41
1752301444663 0.96606 42
1752301508937 0.96813 43
1752301573481 0.95067 44
1752301637772 0.97961 45
1752301704665 0.97532 46
1752301768626 0.98606 47
1752301832054 0.97029 48
1752301897052 0.96103 49
1752301961739 0.98574 50
1752302027043 0.98508 51
1752302090897 0.97524 52
1752302154892 0.99016 53
1752302220958 0.98873 54
1752302283585 0.99177 55
1752302346872 0.97997 56
1752302413089 0.9749 57
1752302477106 0.97532 58
1752302541997 0.98306 59
1752302606291 0.97948 60
1752302671241 0.97429 61
1752302736161 0.98097 62
1752302800289 0.99463 63
1752302864017 0.98069 64
1752302929361 0.98675 65
1752302993296 0.98961 66
1752303056688 0.98675 67
1752303120501 0.98031 68
1752303184696 0.98926 69
1752303250984 0.98424 70
1752303314976 0.98852 71
1752303380059 0.98441 72
1752303444084 0.98597 73
1752303508456 0.96926 74
1752303574736 0.98675 75
1752303638656 0.98675 76
1752303702892 0.98821 77
1752303767792 0.99377 78
1752303832107 0.98103 79
1752303899270 0.98986 80
1752303963642 0.99082 81
1752304027890 0.97818 82
1752304092965 0.98087 83
1752304156585 0.98042 84
1752304220748 0.99204 85
1752304285419 0.99085 86
1752304350145 0.98606 87
1752304416608 0.98389 88
1752304480002 0.98794 89
1752304545953 0.9833 90
1752304608929 0.98335 91
1752304670990 0.98056 92
1752304732884 0.98389 93
1752304795438 0.98389 94
1752304858998 0.98288 95
1752304921909 0.98389 96
1752304984569 0.98389 97
1752305048886 0.98389 98
1752305111482 0.98389 99
1752305125043 0.9838908829863604 99
