1752222447100 0.0005513923076923078 0
1752222566330 0.0010960990905128204 1
1752222682809 0.0016298036733333333 2
1752222799054 0.0016174900999999999 3
1752222915340 0.0016009868 4
1752223030369 0.0015844835000000002 5
1752223145198 0.0015679802000000001 6
1752223264514 0.0015514769 7
1752223379494 0.0015349736000000002 8
1752223494063 0.0015184703000000002 9
1752223608727 0.001501967 10
1752223723992 0.0014854637 11
1752223839355 0.0014689604 12
1752223953911 0.0014524571 13
1752224068519 0.0014359538 14
1752224183637 0.0014194505000000002 15
1752224298657 0.0014029472000000002 16
1752224413650 0.0013864439 17
1752224528268 0.0013699406000000003 18
1752224643066 0.0013534373000000002 19
1752224757422 0.0013369340000000001 20
1752224872017 0.0013204307 21
1752224987426 0.0013039274 22
1752225107275 0.0012874241 23
1752225222337 0.0012709208 24
1752225336256 0.0012544175 25
1752225450850 0.0012379142000000002 26
1752225565985 0.0012214109000000001 27
1752225680425 0.0012049076 28
1752225794848 0.0011884043 29
1752225910335 0.001171901 30
1752226024586 0.0011553976999999999 31
1752226138980 0.0011388944 32
1752226253437 0.0011223911 33
1752226367683 0.0011058878 34
1752226482297 0.0010893845 35
1752226596639 0.0010728812000000002 36
1752226711343 0.0010563779000000001 37
1752226826107 0.0010398746 38
1752226940346 0.0010233713 39
1752227055070 0.001006868 40
1752227169461 0.0009903647000000001 41
1752227284582 0.0009738614000000002 42
1752227399412 0.0009573581000000001 43
1752227514271 0.0009408548 44
1752227629420 0.0009243515000000001 45
1752227743569 0.0009078482000000002 46
1752227857885 0.0008913449000000002 47
1752227972277 0.0008748416000000001 48
1752228087784 0.0008583383 49
1752228202090 0.0008418350000000001 50
1752228316773 0.0008253317 51
1752228431043 0.0008088284 52
1752228545084 0.0007923251 53
1752228659279 0.0007758218 54
1752228773626 0.0007593185 55
1752228887545 0.0007428151999999999 56
1752229001631 0.0007263119000000001 57
1752229116463 0.0007098086000000001 58
1752229231414 0.0006933053000000001 59
1752229346596 0.0006768020000000001 60
1752229461039 0.0006602987 61
1752229575532 0.0006437954 62
1752229690477 0.0006272921 63
1752229805350 0.0006107888000000001 64
1752229920008 0.0005942855 65
1752230034624 0.0005777822 66
1752230149110 0.0005612788999999999 67
1752230263695 0.0005447756 68
1752230378209 0.0005282723000000001 69
1752230492776 0.0005117690000000001 70
1752230606827 0.0004952657000000001 71
1752230721419 0.00047876240000000006 72
1752230835973 0.0004622591000000001 73
1752230950377 0.00044575580000000005 74
