1751947564972 0.0005471179487179488 0
1751947585726 0.00108094948 1
1751947602985 0.0015927766112820512 2
1751947618846 0.0015679802000000001 3
1751947635602 0.0015349736000000002 4
1751947652360 0.001501967 5
1751947669130 0.0014689604 6
1751947685884 0.0014359538 7
1751947701015 0.0014029472000000002 8
1751947718226 0.0013699406000000003 9
1751947735816 0.0013369340000000001 10
1751947752853 0.0013039274 11
1751947768504 0.0012709208 12
1751947787873 0.0012379142000000002 13
1751947804956 0.0012049076 14
1751947822114 0.001171901 15
1751947838291 0.0011388944 16
1751947857041 0.0011058878 17
1751947873803 0.0010728812000000002 18
1751947890498 0.0010398746 19
1751947906180 0.001006868 20
1751947921766 0.0009738614000000002 21
1751947938485 0.0009408548 22
1751947954800 0.0009078482000000002 23
1751947971472 0.0008748416000000001 24
1751947989311 0.0008418350000000001 25
1751948006201 0.0008088284 26
1751948022649 0.0007758218 27
1751948039087 0.0007428151999999999 28
1751948055470 0.0007098086000000001 29
1751948070385 0.0006768020000000001 30
1751948087077 0.0006437954 31
1751948103485 0.0006107888000000001 32
1751948120331 0.0005777822 33
1751948136819 0.0005447756 34
1751948152008 0.0005117690000000001 35
1751948168494 0.00047876240000000006 36
1751948185472 0.00044575580000000005 37
1751948202517 0.0004127492 38
1751948219288 0.00037974259999999996 39
1751948236059 0.00034673599999999994 40
1751948252645 0.00031372940000000014 41
1751948268790 0.00028072280000000007 42
1751948285248 0.00024771620000000005 43
1751948301606 0.0002147096 44
1751948317590 0.00018170299999999996 45
1751948334185 0.00014869639999999995 46
1751948350829 0.00011568980000000008 47
1751948367001 8.268320000000008e-05 48
1751948383432 4.967660000000004e-05 49
