1752298695926 0.0005513923076923078 0
1752298762315 0.0010960990905128204 1
1752298828549 0.0016298036733333333 2
1752298893896 0.0016174900999999999 3
1752298958446 0.0016009868 4
1752299023375 0.0015844835000000002 5
1752299088985 0.0015679802000000001 6
1752299158766 0.0015514769 7
1752299223788 0.0015349736000000002 8
1752299291458 0.0015184703000000002 9
1752299356884 0.001501967 10
1752299420732 0.0014854637 11
1752299486553 0.0014689604 12
1752299551491 0.0014524571 13
1752299618029 0.0014359538 14
1752299683694 0.0014194505000000002 15
1752299748539 0.0014029472000000002 16
1752299815788 0.0013864439 17
1752299879867 0.0013699406000000003 18
1752299946906 0.0013534373000000002 19
1752300012325 0.0013369340000000001 20
1752300078497 0.0013204307 21
1752300144442 0.0013039274 22
1752300208901 0.0012874241 23
1752300275452 0.0012709208 24
1752300341517 0.0012544175 25
1752300408941 0.0012379142000000002 26
1752300473767 0.0012214109000000001 27
1752300537323 0.0012049076 28
1752300602288 0.0011884043 29
1752300665801 0.001171901 30
1752300729576 0.0011553976999999999 31
1752300794826 0.0011388944 32
1752300858885 0.0011223911 33
1752300923501 0.0011058878 34
1752300987974 0.0010893845 35
1752301050666 0.0010728812000000002 36
1752301116285 0.0010563779000000001 37
1752301180528 0.0010398746 38
1752301244836 0.0010233713 39
1752301309357 0.001006868 40
1752301373269 0.0009903647000000001 41
1752301438184 0.0009738614000000002 42
1752301502917 0.0009573581000000001 43
1752301565807 0.0009408548 44
1752301631738 0.0009243515000000001 45
1752301696756 0.0009078482000000002 46
1752301762500 0.0008913449000000002 47
1752301826077 0.0008748416000000001 48
1752301889408 0.0008583383 49
1752301955516 0.0008418350000000001 50
1752302020259 0.0008253317 51
1752302084184 0.0008088284 52
1752302149006 0.0007923251 53
1752302213331 0.0007758218 54
1752302277062 0.0007593185 55
1752302340991 0.0007428151999999999 56
1752302405556 0.0007263119000000001 57
1752302471084 0.0007098086000000001 58
1752302535579 0.0006933053000000001 59
1752302599225 0.0006768020000000001 60
1752302665280 0.0006602987 61
1752302729161 0.0006437954 62
1752302794077 0.0006272921 63
1752302858145 0.0006107888000000001 64
1752302921606 0.0005942855 65
1752302987527 0.0005777822 66
1752303050692 0.0005612788999999999 67
1752303113072 0.0005447756 68
1752303178803 0.0005282723000000001 69
1752303243277 0.0005117690000000001 70
1752303308787 0.0004952657000000001 71
1752303374071 0.00047876240000000006 72
1752303436853 0.0004622591000000001 73
1752303502461 0.00044575580000000005 74
1752303566842 0.00042925250000000004 75
1752303632233 0.0004127492 76
1752303696812 0.0003962459 77
1752303760381 0.00037974259999999996 78
1752303826194 0.0003632393 79
1752303891405 0.00034673599999999994 80
1752303957148 0.00033023269999999993 81
1752304022052 0.00031372940000000014 82
1752304085147 0.0002972261000000001 83
1752304150627 0.00028072280000000007 84
1752304214475 0.00026421950000000006 85
1752304277768 0.00024771620000000005 86
1752304343972 0.00023121290000000004 87
1752304408832 0.0002147096 88
1752304474145 0.00019820629999999997 89
1752304539506 0.00018170299999999996 90
1752304601641 0.00016519969999999996 91
1752304665198 0.00014869639999999995 92
1752304727061 0.0001321930999999999 93
1752304789646 0.00011568980000000008 94
1752304851404 9.918650000000008e-05 95
1752304914777 8.268320000000008e-05 96
1752304978581 6.617990000000005e-05 97
1752305042414 4.967660000000004e-05 98
1752305103846 3.3173300000000017e-05 99
