1752026022542 0.86324 0
1752026069820 0.91265 1
1752026111201 0.93826 2
1752026152544 0.93179 3
1752026194351 0.91634 4
1752026236843 0.83432 5
1752026278543 0.8021 6
1752026321005 0.80057 7
1752026363456 0.80324 8
1752026405473 0.7719 9
1752026447174 0.75335 10
1752026490363 0.73271 11
1752026532565 0.71857 12
1752026573966 0.72716 13
1752026621160 0.70632 14
1752026663215 0.71129 15
1752026706255 0.68284 16
1752026747928 0.68727 17
1752026790510 0.68843 18
1752026832462 0.66448 19
1752026874657 0.67277 20
1752026915962 0.65038 21
1752026957892 0.68481 22
1752026999860 0.63667 23
1752027042783 0.6328 24
1752027085871 0.6263 25
1752027127376 0.63205 26
1752027168453 0.63969 27
1752027210096 0.62339 28
1752027252892 0.6213 29
1752027294639 0.62197 30
1752027336780 0.60869 31
1752027378377 0.60372 32
1752027420850 0.59905 33
1752027463155 0.60735 34
