1752026022542 1.45652 0
1752026069820 0.96059 1
1752026111201 0.95304 2
1752026152544 0.85664 3
1752026194351 0.82466 4
1752026236843 0.76202 5
1752026278543 0.69898 6
1752026321005 0.68103 7
1752026363456 0.65394 8
1752026405473 0.63372 9
1752026447174 0.6113 10
1752026490363 0.59096 11
1752026532565 0.57671 12
1752026573966 0.57984 13
1752026621160 0.54494 14
1752026663215 0.53411 15
1752026706255 0.51429 16
1752026747928 0.51661 17
1752026790510 0.52515 18
1752026832462 0.48503 19
1752026874657 0.48768 20
1752026915962 0.49211 21
1752026957892 0.50916 22
1752026999860 0.46026 23
1752027042783 0.44414 24
1752027085871 0.44217 25
1752027127376 0.44746 26
1752027168453 0.44937 27
1752027210096 0.43337 28
1752027252892 0.44183 29
1752027294639 0.43818 30
1752027336780 0.41618 31
1752027378377 0.40935 32
1752027420850 0.41112 33
1752027463155 0.40909 34
