1752026022542 1.22817 0
1752026069820 1.25062 1
1752026111201 1.2742 2
1752026152544 1.28214 3
1752026194351 1.26902 4
1752026236843 1.21102 5
1752026278543 1.19989 6
1752026321005 1.17759 7
1752026363456 1.18548 8
1752026405473 1.16406 9
1752026447174 1.16103 10
1752026490363 1.14439 11
1752026532565 1.12668 12
1752026573966 1.146 13
1752026621160 1.1278 14
1752026663215 1.13005 15
1752026706255 1.11304 16
1752026747928 1.11731 17
1752026790510 1.12413 18
1752026832462 1.10059 19
1752026874657 1.11053 20
1752026915962 1.09333 21
1752026957892 1.11083 22
1752026999860 1.0863 23
1752027042783 1.0811 24
1752027085871 1.07334 25
1752027127376 1.07688 26
1752027168453 1.08587 27
1752027210096 1.07985 28
1752027252892 1.07939 29
1752027294639 1.06733 30
1752027336780 1.05713 31
1752027378377 1.07214 32
1752027420850 1.05357 33
1752027463155 1.06737 34
