1752222447100 0.93714 0
1752222566330 1.06173 1
1752222682809 1.06726 2
1752222799054 1.04283 3
1752222915340 0.94373 4
1752223030369 0.88522 5
1752223145198 0.85996 6
1752223264514 0.8711 7
1752223379494 0.83833 8
1752223494063 0.82727 9
1752223608727 0.80183 10
1752223723992 0.77237 11
1752223839355 0.77489 12
1752223953911 0.74577 13
1752224068519 0.76472 14
1752224183637 0.76926 15
1752224298657 0.73607 16
1752224413650 0.71525 17
1752224528268 0.69784 18
1752224643066 0.7182 19
1752224757422 0.70357 20
1752224872017 0.69362 21
1752224987426 0.66577 22
1752225107275 0.64616 23
1752225222337 0.67041 24
1752225336256 0.67622 25
1752225450850 0.66235 26
1752225565985 0.66045 27
1752225680425 0.65437 28
1752225794848 0.64226 29
1752225910335 0.63576 30
1752226024586 0.6577 31
1752226138980 0.62859 32
1752226253437 0.62691 33
1752226367683 0.62802 34
1752226482297 0.61849 35
1752226596639 0.59913 36
1752226711343 0.6147 37
1752226826107 0.6066 38
1752226940346 0.63589 39
1752227055070 0.60722 40
1752227169461 0.59493 41
1752227284582 0.59027 42
1752227399412 0.58399 43
1752227514271 0.57816 44
1752227629420 0.58858 45
1752227743569 0.58489 46
1752227857885 0.5787 47
1752227972277 0.58102 48
1752228087784 0.56641 49
1752228202090 0.56522 50
1752228316773 0.56072 51
1752228431043 0.56786 52
1752228545084 0.56114 53
1752228659279 0.55385 54
1752228773626 0.56274 55
1752228887545 0.54238 56
1752229001631 0.55625 57
1752229116463 0.55323 58
1752229231414 0.54583 59
1752229346596 0.54422 60
1752229461039 0.53361 61
1752229575532 0.52952 62
1752229690477 0.54694 63
1752229805350 0.53934 64
1752229920008 0.53577 65
1752230034624 0.5369 66
1752230149110 0.53137 67
1752230263695 0.51193 68
1752230378209 0.50954 69
1752230492776 0.50977 70
1752230606827 0.49744 71
1752230721419 0.50361 72
1752230835973 0.51346 73
1752230950377 0.52161 74
