1752222447100 1.78788 0
1752222566330 1.19768 1
1752222682809 1.15787 2
1752222799054 1.04766 3
1752222915340 0.91556 4
1752223030369 0.8217 5
1752223145198 0.79816 6
1752223264514 0.80547 7
1752223379494 0.76991 8
1752223494063 0.72353 9
1752223608727 0.68194 10
1752223723992 0.66363 11
1752223839355 0.65919 12
1752223953911 0.62207 13
1752224068519 0.61296 14
1752224183637 0.60243 15
1752224298657 0.59702 16
1752224413650 0.59003 17
1752224528268 0.55355 18
1752224643066 0.54885 19
1752224757422 0.54733 20
1752224872017 0.53383 21
1752224987426 0.5088 22
1752225107275 0.49758 23
1752225222337 0.48328 24
1752225336256 0.48786 25
1752225450850 0.47512 26
1752225565985 0.48103 27
1752225680425 0.48724 28
1752225794848 0.47873 29
1752225910335 0.45131 30
1752226024586 0.46545 31
1752226138980 0.44758 32
1752226253437 0.43381 33
1752226367683 0.44882 34
1752226482297 0.44137 35
1752226596639 0.41106 36
1752226711343 0.42338 37
1752226826107 0.42291 38
1752226940346 0.43654 39
1752227055070 0.41255 40
1752227169461 0.41251 41
1752227284582 0.39196 42
1752227399412 0.39643 43
1752227514271 0.39047 44
1752227629420 0.38817 45
1752227743569 0.3931 46
1752227857885 0.40591 47
1752227972277 0.39273 48
1752228087784 0.37676 49
1752228202090 0.38086 50
1752228316773 0.38158 51
1752228431043 0.36305 52
1752228545084 0.35761 53
1752228659279 0.36014 54
1752228773626 0.36085 55
1752228887545 0.3507 56
1752229001631 0.35392 57
1752229116463 0.35783 58
1752229231414 0.33925 59
1752229346596 0.33311 60
1752229461039 0.34443 61
1752229575532 0.33231 62
1752229690477 0.34926 63
1752229805350 0.34471 64
1752229920008 0.33979 65
1752230034624 0.3374 66
1752230149110 0.32825 67
1752230263695 0.31442 68
1752230378209 0.325 69
1752230492776 0.31534 70
1752230606827 0.29574 71
1752230721419 0.3156 72
1752230835973 0.31191 73
1752230950377 0.31221 74
