1752222447100 1.34108 0
1752222566330 1.40429 1
1752222682809 1.3805 2
1752222799054 1.35274 3
1752222915340 1.28813 4
1752223030369 1.24974 5
1752223145198 1.23733 6
1752223264514 1.23828 7
1752223379494 1.21539 8
1752223494063 1.20743 9
1752223608727 1.18846 10
1752223723992 1.17604 11
1752223839355 1.16319 12
1752223953911 1.15981 13
1752224068519 1.15811 14
1752224183637 1.16147 15
1752224298657 1.15276 16
1752224413650 1.12044 17
1752224528268 1.11422 18
1752224643066 1.13116 19
1752224757422 1.11801 20
1752224872017 1.11067 21
1752224987426 1.10272 22
1752225107275 1.07887 23
1752225222337 1.09978 24
1752225336256 1.10988 25
1752225450850 1.09196 26
1752225565985 1.08875 27
1752225680425 1.08943 28
1752225794848 1.08773 29
1752225910335 1.07984 30
1752226024586 1.09196 31
1752226138980 1.07141 32
1752226253437 1.07003 33
1752226367683 1.07528 34
1752226482297 1.05739 35
1752226596639 1.0533 36
1752226711343 1.06266 37
1752226826107 1.05858 38
1752226940346 1.07464 39
1752227055070 1.05564 40
1752227169461 1.04831 41
1752227284582 1.04615 42
1752227399412 1.04856 43
1752227514271 1.03703 44
1752227629420 1.04591 45
1752227743569 1.04674 46
1752227857885 1.03983 47
1752227972277 1.04333 48
1752228087784 1.03008 49
1752228202090 1.03485 50
1752228316773 1.02821 51
1752228431043 1.03572 52
1752228545084 1.03112 53
1752228659279 1.02718 54
1752228773626 1.03756 55
1752228887545 1.01907 56
1752229001631 1.0389 57
1752229116463 1.02171 58
1752229231414 1.01572 59
1752229346596 1.01692 60
1752229461039 1.01038 61
1752229575532 1.01396 62
1752229690477 1.0164 63
1752229805350 1.01772 64
1752229920008 1.02165 65
1752230034624 1.01084 66
1752230149110 1.0022 67
1752230263695 1.00315 68
1752230378209 1.00113 69
1752230492776 1.00166 70
1752230606827 0.99637 71
1752230721419 0.99726 72
1752230835973 0.99418 73
1752230950377 1.00515 74
