1751962150034 0.0005471179487179488 0
1751962178396 0.0010918670476923076 1
1751962203482 0.0016256139466666666 2
1751962229034 0.0016174900999999999 3
1751962254926 0.0016009868 4
1751962279446 0.0015844835000000002 5
1751962304512 0.0015679802000000001 6
1751962332256 0.0015514769 7
1751962357355 0.0015349736000000002 8
1751962382446 0.0015184703000000002 9
1751962408910 0.001501967 10
1751962433862 0.0014854637 11
1751962459108 0.0014689604 12
1751962484446 0.0014524571 13
1751962509963 0.0014359538 14
1751962535505 0.0014194505000000002 15
1751962561196 0.0014029472000000002 16
1751962585223 0.0013864439 17
1751962612466 0.0013699406000000003 18
1751962637382 0.0013534373000000002 19
1751962662951 0.0013369340000000001 20
1751962688694 0.0013204307 21
1751962712743 0.0013039274 22
1751962737163 0.0012874241 23
1751962762401 0.0012709208 24
1751962787503 0.0012544175 25
1751962813346 0.0012379142000000002 26
1751962837465 0.0012214109000000001 27
1751962862011 0.0012049076 28
1751962888563 0.0011884043 29
1751962914443 0.001171901 30
1751962939527 0.0011553976999999999 31
1751962964595 0.0011388944 32
1751962989493 0.0011223911 33
1751963015186 0.0011058878 34
1751963039559 0.0010893845 35
1751963065154 0.0010728812000000002 36
1751963089962 0.0010563779000000001 37
1751963114852 0.0010398746 38
1751963139995 0.0010233713 39
1751963166683 0.001006868 40
1751963193446 0.0009903647000000001 41
1751963218734 0.0009738614000000002 42
1751963243463 0.0009573581000000001 43
1751963268612 0.0009408548 44
1751963293578 0.0009243515000000001 45
1751963319567 0.0009078482000000002 46
1751963343942 0.0008913449000000002 47
1751963368955 0.0008748416000000001 48
1751963394205 0.0008583383 49
1751963419219 0.0008418350000000001 50
1751963447026 0.0008253317 51
1751963471800 0.0008088284 52
1751963496318 0.0007923251 53
1751963522905 0.0007758218 54
1751963548039 0.0007593185 55
1751963573722 0.0007428151999999999 56
1751963599483 0.0007263119000000001 57
1751963624431 0.0007098086000000001 58
1751963649260 0.0006933053000000001 59
1751963674147 0.0006768020000000001 60
1751963699816 0.0006602987 61
1751963728254 0.0006437954 62
1751963754298 0.0006272921 63
1751963778613 0.0006107888000000001 64
1751963804023 0.0005942855 65
1751963829737 0.0005777822 66
1751963854494 0.0005612788999999999 67
1751963880573 0.0005447756 68
1751963905731 0.0005282723000000001 69
1751963930971 0.0005117690000000001 70
1751963956566 0.0004952657000000001 71
1751963982303 0.00047876240000000006 72
