1752283120071 0.89781 0
1752283177981 0.89304 1
1752283233650 0.89053 2
1752283288916 0.85842 3
1752283344804 0.84977 4
1752283400726 0.81821 5
1752283457187 0.8122 6
1752283513290 0.79567 7
1752283567346 0.77896 8
1752283623021 0.7802 9
1752283678836 0.76197 10
1752283734338 0.72753 11
1752283789638 0.7224 12
1752283844798 0.71519 13
1752283898623 0.71759 14
1752283953622 0.71883 15
1752284009052 0.71372 16
1752284064921 0.68866 17
1752284119316 0.67318 18
1752284173630 0.68965 19
1752284228676 0.66461 20
1752284283531 0.67203 21
1752284338227 0.64794 22
1752284392630 0.63107 23
1752284447080 0.64797 24
1752284502281 0.65365 25
1752284556123 0.64776 26
1752284610843 0.64 27
1752284665302 0.62338 28
1752284720914 0.62911 29
1752284775599 0.62153 30
1752284829544 0.65637 31
1752284884409 0.6135 32
1752284939157 0.60358 33
1752284993875 0.59255 34
1752285047619 0.60274 35
1752285101893 0.5912 36
1752285157262 0.59962 37
1752285212334 0.59536 38
1752285266414 0.6154 39
1752285321810 0.5967 40
1752285377407 0.58009 41
1752285432647 0.57422 42
1752285487641 0.56893 43
1752285542954 0.57104 44
1752285597826 0.5798 45
1752285653396 0.57886 46
1752285709057 0.56035 47
1752285766073 0.56861 48
1752285822664 0.55565 49
1752285879480 0.5574 50
1752285935099 0.55177 51
1752285990005 0.55246 52
1752286044306 0.55551 53
1752286099609 0.54453 54
1752286155292 0.5421 55
1752286211433 0.53467 56
1752286268055 0.55493 57
1752286322337 0.54095 58
1752286377821 0.53778 59
1752286434939 0.53564 60
1752286492132 0.53387 61
1752286549640 0.52377 62
1752286605775 0.54148 63
1752286663501 0.53258 64
1752286720583 0.52837 65
1752286776776 0.52449 66
1752286832500 0.52111 67
1752286888818 0.50974 68
1752286944982 0.5085 69
1752287000502 0.49705 70
1752287055607 0.49428 71
1752287112452 0.49934 72
1752287169103 0.51362 73
1752287226345 0.50962 74
1752287286897 0.49104 75
1752287343786 0.47825 76
1752287401132 0.48141 77
1752287458210 0.49306 78
1752287515849 0.47587 79
1752287571976 0.48049 80
1752287629056 0.48316 81
1752287685891 0.48579 82
1752287742127 0.47492 83
1752287799466 0.47676 84
1752287857425 0.4536 85
1752287915554 0.47052 86
1752287976134 0.46381 87
1752288038202 0.47147 88
1752288096913 0.465 89
1752288155416 0.39975 90
1752288212579 0.39 91
1752288269643 0.39453 92
1752288325103 0.38137 93
1752288379095 0.37726 94
1752288435666 0.37903 95
1752288492359 0.37821 96
1752288545855 0.37986 97
1752288601121 0.37359 98
1752288656180 0.36952 99
