1752283120071 2.59322 0
1752283177981 1.78838 1
1752283233650 1.38495 2
1752283288916 1.1414 3
1752283344804 0.95735 4
1752283400726 0.85824 5
1752283457187 0.80726 6
1752283513290 0.75561 7
1752283567346 0.73291 8
1752283623021 0.70342 9
1752283678836 0.66382 10
1752283734338 0.60677 11
1752283789638 0.60415 12
1752283844798 0.59209 13
1752283898623 0.56601 14
1752283953622 0.55671 15
1752284009052 0.55752 16
1752284064921 0.54888 17
1752284119316 0.52665 18
1752284173630 0.54119 19
1752284228676 0.51391 20
1752284283531 0.50648 21
1752284338227 0.47253 22
1752284392630 0.46145 23
1752284447080 0.47479 24
1752284502281 0.47469 25
1752284556123 0.45838 26
1752284610843 0.45556 27
1752284665302 0.44827 28
1752284720914 0.46365 29
1752284775599 0.44182 30
1752284829544 0.45582 31
1752284884409 0.43854 32
1752284939157 0.42118 33
1752284993875 0.40923 34
1752285047619 0.41765 35
1752285101893 0.40491 36
1752285157262 0.40513 37
1752285212334 0.40029 38
1752285266414 0.40984 39
1752285321810 0.40142 40
1752285377407 0.39116 41
1752285432647 0.38516 42
1752285487641 0.3936 43
1752285542954 0.3845 44
1752285597826 0.38702 45
1752285653396 0.38307 46
1752285709057 0.37485 47
1752285766073 0.37374 48
1752285822664 0.36516 49
1752285879480 0.36776 50
1752285935099 0.37256 51
1752285990005 0.35824 52
1752286044306 0.35438 53
1752286099609 0.35243 54
1752286155292 0.35457 55
1752286211433 0.34155 56
1752286268055 0.34397 57
1752286322337 0.35125 58
1752286377821 0.3383 59
1752286434939 0.3395 60
1752286492132 0.33369 61
1752286549640 0.32962 62
1752286605775 0.33376 63
1752286663501 0.33283 64
1752286720583 0.33289 65
1752286776776 0.33434 66
1752286832500 0.32069 67
1752286888818 0.31325 68
1752286944982 0.32041 69
1752287000502 0.30842 70
1752287055607 0.29431 71
1752287112452 0.31262 72
1752287169103 0.31724 73
1752287226345 0.31054 74
1752287286897 0.30321 75
1752287343786 0.29548 76
1752287401132 0.29555 77
1752287458210 0.29701 78
1752287515849 0.2881 79
1752287571976 0.29528 80
1752287629056 0.29987 81
1752287685891 0.29474 82
1752287742127 0.2919 83
1752287799466 0.28734 84
1752287857425 0.27745 85
1752287915554 0.28506 86
1752287976134 0.28777 87
1752288038202 0.28704 88
1752288096913 0.28022 89
1752288155416 0.24574 90
1752288212579 0.23463 91
1752288269643 0.23695 92
1752288325103 0.22696 93
1752288379095 0.22459 94
1752288435666 0.22312 95
1752288492359 0.21945 96
1752288545855 0.22536 97
1752288601121 0.22156 98
1752288656180 0.21435 99
