1752283120071 1.32903 0
1752283177981 1.2864 1
1752283233650 1.26166 2
1752283288916 1.23255 3
1752283344804 1.22489 4
1752283400726 1.20209 5
1752283457187 1.21332 6
1752283513290 1.18188 7
1752283567346 1.17586 8
1752283623021 1.17426 9
1752283678836 1.16424 10
1752283734338 1.13819 11
1752283789638 1.13061 12
1752283844798 1.13414 13
1752283898623 1.13278 14
1752283953622 1.13628 15
1752284009052 1.13463 16
1752284064921 1.10605 17
1752284119316 1.09796 18
1752284173630 1.10819 19
1752284228676 1.09584 20
1752284283531 1.10098 21
1752284338227 1.08679 22
1752284392630 1.07068 23
1752284447080 1.08704 24
1752284502281 1.09842 25
1752284556123 1.08186 26
1752284610843 1.07304 27
1752284665302 1.06383 28
1752284720914 1.07636 29
1752284775599 1.06551 30
1752284829544 1.09185 31
1752284884409 1.05777 32
1752284939157 1.05089 33
1752284993875 1.05404 34
1752285047619 1.04915 35
1752285101893 1.0433 36
1752285157262 1.04991 37
1752285212334 1.04888 38
1752285266414 1.06175 39
1752285321810 1.04321 40
1752285377407 1.0387 41
1752285432647 1.03973 42
1752285487641 1.04178 43
1752285542954 1.03682 44
1752285597826 1.03547 45
1752285653396 1.03564 46
1752285709057 1.02956 47
1752285766073 1.03255 48
1752285822664 1.02295 49
1752285879480 1.02762 50
1752285935099 1.02181 51
1752285990005 1.02737 52
1752286044306 1.02573 53
1752286099609 1.01988 54
1752286155292 1.0268 55
1752286211433 1.01594 56
1752286268055 1.03065 57
1752286322337 1.01501 58
1752286377821 1.01045 59
1752286434939 1.01255 60
1752286492132 1.00977 61
1752286549640 1.00813 62
1752286605775 1.01371 63
1752286663501 1.01145 64
1752286720583 1.01747 65
1752286776776 1.00473 66
1752286832500 0.99688 67
1752286888818 0.99823 68
1752286944982 0.99919 69
1752287000502 0.98985 70
1752287055607 0.98917 71
1752287112452 0.99203 72
1752287169103 0.99454 73
1752287226345 1.00099 74
1752287286897 0.9803 75
1752287343786 0.98058 76
1752287401132 0.97452 77
1752287458210 0.98088 78
1752287515849 0.97042 79
1752287571976 0.98116 80
1752287629056 0.98174 81
1752287685891 0.98629 82
1752287742127 0.98658 83
1752287799466 0.98102 84
1752287857425 0.97006 85
1752287915554 0.97622 86
1752287976134 0.97357 87
1752288038202 0.97726 88
1752288096913 0.9749 89
1752288155416 0.9522 90
1752288212579 0.94809 91
1752288269643 0.94409 92
1752288325103 0.94029 93
1752288379095 0.93749 94
1752288435666 0.93699 95
1752288492359 0.93396 96
1752288545855 0.93513 97
1752288601121 0.93009 98
1752288656180 0.94119 99
