1751962156517 0.93442 0
1751962183038 0.96867 1
1751962207949 0.94734 2
1751962233312 0.93212 3
1751962259200 0.95005 4
1751962284165 0.96758 5
1751962310617 0.98484 6
1751962337170 0.96791 7
1751962361636 0.98841 8
1751962386929 0.9932 9
1751962412955 0.98771 10
1751962438348 0.97153 11
1751962464208 0.98513 12
1751962488675 0.98734 13
1751962514072 0.98417 14
1751962539460 0.99261 15
1751962565258 0.98741 16
1751962590411 0.9857 17
1751962617304 0.98992 18
1751962641851 0.98563 19
1751962667008 0.98547 20
1751962692597 0.98312 21
1751962717279 0.98735 22
1751962742444 0.98605 23
1751962766601 0.99042 24
1751962791851 0.98672 25
1751962817344 0.98605 26
1751962842078 0.98636 27
1751962866938 0.98581 28
1751962892811 0.98762 29
1751962918528 0.98864 30
1751962943762 0.98895 31
1751962969283 0.98415 32
1751962994748 0.9852 33
1751963019270 0.99071 34
1751963043531 0.98704 35
1751963069408 0.98355 36
1751963094676 0.98718 37
1751963119540 0.98652 38
1751963144094 0.98477 39
1751963171186 0.99007 40
1751963197635 0.98815 41
1751963223043 0.99006 42
1751963248208 0.98892 43
1751963272634 0.99009 44
1751963297629 0.98888 45
1751963323703 0.98992 46
1751963348450 0.99076 47
1751963373766 0.99096 48
1751963398365 0.98626 49
1751963423365 0.99076 50
1751963451198 0.98782 51
1751963475885 0.99072 52
1751963501869 0.99059 53
1751963527394 0.98927 54
1751963552030 0.99243 55
1751963577778 0.99004 56
1751963603663 0.98941 57
1751963629020 0.98948 58
1751963653740 0.99071 59
1751963678363 0.99039 60
1751963704042 0.99125 61
1751963732392 0.99096 62
1751963758388 0.98827 63
1751963783334 0.99057 64
1751963808991 0.98791 65
1751963833725 0.98553 66
1751963858542 0.98981 67
1751963884730 0.99034 68
1751963910377 0.99013 69
1751963935832 0.98971 70
1751963961789 0.99051 71
1751963986389 0.99108 72
1751963999018 0.9909605093197111 72
