1751962156517 0.74403 0
1751962183038 0.73388 1
1751962207949 0.75254 2
1751962233312 0.75703 3
1751962259200 0.77266 4
1751962284165 0.79119 5
1751962310617 0.82525 6
1751962337170 0.82024 7
1751962361636 0.84294 8
1751962386929 0.8423 9
1751962412955 0.86368 10
1751962438348 0.8461 11
1751962464208 0.8375 12
1751962488675 0.85544 13
1751962514072 0.85613 14
1751962539460 0.86585 15
1751962565258 0.86445 16
1751962590411 0.86715 17
1751962617304 0.84753 18
1751962641851 0.86042 19
1751962667008 0.87045 20
1751962692597 0.862 21
1751962717279 0.85812 22
1751962742444 0.87349 23
1751962766601 0.86012 24
1751962791851 0.87539 25
1751962817344 0.8649 26
1751962842078 0.88271 27
1751962866938 0.88067 28
1751962892811 0.8766 29
1751962918528 0.88086 30
1751962943762 0.87337 31
1751962969283 0.8779 32
1751962994748 0.88509 33
1751963019270 0.88531 34
1751963043531 0.8925 35
1751963069408 0.88326 36
1751963094676 0.88722 37
1751963119540 0.88736 38
1751963144094 0.8781 39
1751963171186 0.89231 40
1751963197635 0.89009 41
1751963223043 0.89663 42
1751963248208 0.89567 43
1751963272634 0.88791 44
1751963297629 0.88107 45
1751963323703 0.8972 46
1751963348450 0.88903 47
1751963373766 0.89567 48
1751963398365 0.90206 49
1751963423365 0.88946 50
1751963451198 0.89492 51
1751963475885 0.90404 52
1751963501869 0.90397 53
1751963527394 0.90476 54
1751963552030 0.9051 55
1751963577778 0.90887 56
1751963603663 0.90593 57
1751963629020 0.90655 58
1751963653740 0.90827 59
1751963678363 0.90501 60
1751963704042 0.90767 61
1751963732392 0.91024 62
1751963758388 0.9001 63
1751963783334 0.90771 64
1751963808991 0.90738 65
1751963833725 0.89997 66
1751963858542 0.90023 67
1751963884730 0.90921 68
1751963910377 0.90456 69
1751963935832 0.90234 70
1751963961789 0.90623 71
1751963986389 0.90948 72
1751963999018 0.9097574266623589 72
