1751962156517 0.92877 0
1751962183038 0.79035 1
1751962207949 0.82435 2
1751962233312 0.89755 3
1751962259200 0.88512 4
1751962284165 0.90099 5
1751962310617 0.96413 6
1751962337170 0.90086 7
1751962361636 0.97887 8
1751962386929 0.96267 9
1751962412955 0.97966 10
1751962438348 0.85838 11
1751962464208 0.96086 12
1751962488675 0.98983 13
1751962514072 0.97363 14
1751962539460 0.9804 15
1751962565258 0.99547 16
1751962590411 0.97727 17
1751962617304 0.9913 18
1751962641851 0.98611 19
1751962667008 0.99202 20
1751962692597 0.98746 21
1751962717279 0.9787 22
1751962742444 0.98727 23
1751962766601 0.9924 24
1751962791851 0.99737 25
1751962817344 0.98706 26
1751962842078 0.98883 27
1751962866938 0.98751 28
1751962892811 0.99141 29
1751962918528 0.98165 30
1751962943762 0.98556 31
1751962969283 0.98975 32
1751962994748 0.99 33
1751963019270 0.99048 34
1751963043531 0.99248 35
1751963069408 0.99944 36
1751963094676 0.99432 37
1751963119540 0.98924 38
1751963144094 0.98967 39
1751963171186 0.98508 40
1751963197635 0.99637 41
1751963223043 0.996 42
1751963248208 0.97777 43
1751963272634 0.99238 44
1751963297629 0.99406 45
1751963323703 0.99072 46
1751963348450 0.99197 47
1751963373766 0.99105 48
1751963398365 0.99138 49
1751963423365 0.99459 50
1751963451198 0.99399 51
1751963475885 0.99856 52
1751963501869 0.99246 53
1751963527394 0.99215 54
1751963552030 0.98832 55
1751963577778 0.98855 56
1751963603663 0.99238 57
1751963629020 0.99825 58
1751963653740 0.9883 59
1751963678363 0.99273 60
1751963704042 0.98906 61
1751963732392 0.98399 62
1751963758388 0.99275 63
1751963783334 0.98594 64
1751963808991 0.99832 65
1751963833725 0.99094 66
1751963858542 0.98841 67
1751963884730 0.98969 68
1751963910377 0.99152 69
1751963935832 0.98964 70
1751963961789 0.98831 71
1751963986389 0.98928 72
1751963999018 0.9839154232748206 72
