1751962156517 0.78669 0
1751962183038 0.86734 1
1751962207949 0.85467 2
1751962233312 0.85024 3
1751962259200 0.86355 4
1751962284165 0.88248 5
1751962310617 0.96659 6
1751962337170 0.89309 7
1751962361636 0.96034 8
1751962386929 0.9823 9
1751962412955 0.97133 10
1751962438348 0.90547 11
1751962464208 0.96332 12
1751962488675 0.96221 13
1751962514072 0.95297 14
1751962539460 0.9608 15
1751962565258 0.9663 16
1751962590411 0.97766 17
1751962617304 0.98355 18
1751962641851 0.97137 19
1751962667008 0.98138 20
1751962692597 0.97465 21
1751962717279 0.97267 22
1751962742444 0.973 23
1751962766601 0.97484 24
1751962791851 0.97387 25
1751962817344 0.97525 26
1751962842078 0.97534 27
1751962866938 0.97586 28
1751962892811 0.98389 29
1751962918528 0.98122 30
1751962943762 0.96882 31
1751962969283 0.9663 32
1751962994748 0.97559 33
1751963019270 0.97384 34
1751963043531 0.98138 35
1751963069408 0.97864 36
1751963094676 0.98337 37
1751963119540 0.97869 38
1751963144094 0.98138 39
1751963171186 0.97384 40
1751963197635 0.97685 41
1751963223043 0.97936 42
1751963248208 0.98185 43
1751963272634 0.97921 44
1751963297629 0.97909 45
1751963323703 0.97887 46
1751963348450 0.98173 47
1751963373766 0.98736 48
1751963398365 0.97849 49
1751963423365 0.9767 50
1751963451198 0.98675 51
1751963475885 0.98424 52
1751963501869 0.98311 53
1751963527394 0.98615 54
1751963552030 0.97635 55
1751963577778 0.98672 56
1751963603663 0.97792 57
1751963629020 0.9773 58
1751963653740 0.98961 59
1751963678363 0.98396 60
1751963704042 0.98662 61
1751963732392 0.98926 62
1751963758388 0.97384 63
1751963783334 0.98389 64
1751963808991 0.97887 65
1751963833725 0.98314 66
1751963858542 0.98389 67
1751963884730 0.98605 68
1751963910377 0.98138 69
1751963935832 0.98373 70
1751963961789 0.98331 71
1751963986389 0.98389 72
1751963999018 0.9892605886575736 72
